36690,2484,0.321588,88.961189,0.074723,51.436226,6.854537,38.79142,1.044316,0.557164,65.306648,0.823215,77413,22590,0.277353,95.372543,0.001906,59.153564,53.154778,54.589981,1.067514,0.49406,1509.801025,0.834832,0.251107,1.62141,0.513886,0.473951,0.10996
30582,2073,0.322432,89.435211,0.089429,50.356506,4.645371,37.450966,0.971367,0.571888,65.71357,0.83573,66389,13380,0.293197,97.37265,0.00466,60.913136,53.729465,56.191616,1.076644,0.495932,1096.532959,0.832384,0.24121,1.453717,0.639624,0.460649,0.154933
24383,1542,0.327174,81.881889,0.128863,42.860264,2.302823,26.162228,0.827925,0.611624,47.077034,0.872662,53085,12588,0.278416,90.607536,0.00421,52.761196,46.632523,49.142162,0.974124,0.537484,969.864075,0.852635,0.215634,1.145617,0.670738,0.45932,0.122498
21675,1521,0.320584,78.668663,0.117736,40.319527,2.43844,23.035686,0.815617,0.62229,47.701618,0.880443,29282,5421,0.301805,54.236324,0.012521,15.218045,11.980972,12.744314,0.377585,0.843356,526.034302,0.940256,0.208714,1.17907,0.739393,0.740216,0.280576
27285,1752,0.320416,80.238327,0.111703,43.116272,4.639669,29.829618,0.916167,0.597538,50.936981,0.851371,34743,4035,0.304851,50.343731,0.026816,12.815555,9.518833,10.613379,0.3164,0.870934,298.569427,0.951263,0.22479,1.256815,0.639524,0.785338,0.434201
21416,1431,0.329685,74.421982,0.131422,38.017822,3.030002,21.681591,0.822715,0.624019,39.511421,0.876094,33565,7803,0.274554,66.623535,0.006927,24.138151,19.986256,20.604795,0.570091,0.75846,709.433411,0.909645,0.207872,1.114486,0.807104,0.638046,0.183391
33746,1875,0.326977,84.66391,0.120623,49.222969,3.671079,33.22805,0.984722,0.553999,53.945641,0.839537,61175,22215,0.251339,84.137436,0.001558,42.791367,37.235485,38.123619,0.855282,0.597111,1550.121582,0.861499,0.253257,1.28249,0.702305,0.551631,0.084402
26526,2334,0.307815,79.264275,0.06119,42.119316,4.172742,27.013683,0.904313,0.601559,67.017273,0.85744,49707,16713,0.269792,81.470299,0.002236,40.012665,35.075001,36.596104,0.784897,0.620854,1155.348267,0.877704,0.221574,1.686416,0.537763,0.533647,0.139652
27460,1953,0.328006,81.54174,0.09047,44.989285,3.277007,29.241978,0.907288,0.582803,59.086346,0.857876,36033,4770,0.302666,55.613766,0.019901,15.582239,11.814882,12.855009,0.365942,0.846204,403.722076,0.943968,0.234093,1.425547,0.729491,0.762079,0.409434
27208,1896,0.32772,81.180695,0.095111,44.522266,3.979838,29.835516,0.927752,0.586037,60.250854,0.84901,36235,4818,0.303217,56.908653,0.019616,16.408081,12.440835,13.491492,0.38052,0.839341,396.965149,0.942337,0.231952,1.383942,0.729747,0.750876,0.393524
26211,1614,0.328261,82.167664,0.126441,45.021763,4.420681,32.617588,0.924366,0.587175,54.172348,0.850107,36045,7857,0.293615,58.483421,0.007337,17.975456,14.657597,15.904085,0.427871,0.815895,635.388428,0.934479,0.231493,1.199108,0.860392,0.727174,0.205422
26807,1665,0.324297,84.098488,0.121515,47.260223,2.608599,30.859398,0.895642,0.573003,54.951473,0.863215,35271,6630,0.290354,55.641079,0.010083,15.901308,12.44172,13.839556,0.390455,0.836888,585.151001,0.937227,0.240577,1.244395,0.59452,0.760029,0.251131
26751,1818,0.326917,81.64843,0.10171,44.785072,2.923628,27.94541,0.889684,0.586281,46.943016,0.864173,35770,7266,0.292124,56.481647,0.008514,16.429022,12.483413,13.840375,0.394136,0.832784,557.788452,0.938783,0.232135,1.336765,0.625081,0.747861,0.250206
22687,1491,0.329255,79.341316,0.128242,41.798077,2.128516,23.700243,0.800947,0.608529,40.132942,0.883635,26902,3258,0.316688,39.666855,0.031849,8.133952,5.853272,6.815185,0.225429,0.910293,285.076904,0.964019,0.217926,1.154025,0.657719,0.84332,0.457643
18092,1317,0.328378,75.125938,0.131077,37.02422,3.759027,21.165314,0.813517,0.642083,46.653366,0.863765,25825,7026,0.284329,57.703823,0.006574,17.4095,14.219379,15.345684,0.413277,0.819078,716.813599,0.933383,0.196417,1.084844,0.941529,0.700561,0.187447
23370,1575,0.328387,81.351967,0.118388,43.426399,3.926613,26.450706,0.906677,0.600466,52.316879,0.847747,35501,10494,0.253718,67.163651,0.004051,24.23753,20.505093,21.861555,0.528212,0.757163,1014.72229,0.913443,0.222675,1.215278,0.843348,0.658291,0.150086
29102,1725,0.327404,80.660912,0.122901,44.924088,2.675034,26.702374,0.894253,0.578049,43.821663,0.864575,42213,11955,0.279708,62.589462,0.003712,21.636414,17.952057,19.05409,0.507315,0.773729,854.15802,0.919555,0.237569,1.232143,0.739272,0.689408,0.144291
25065,1572,0.329157,80.386871,0.12746,43.689003,3.404202,26.30035,0.891999,0.591324,44.830517,0.859452,32571,5145,0.31424,53.224957,0.015462,14.357386,11.178419,11.914128,0.345723,0.854129,434.439484,0.946364,0.228879,1.187311,0.849486,0.76955,0.305539
29663,2166,0.326207,87.096222,0.079453,49.463356,6.22118,35.241581,1.028183,0.566257,77.354744,0.826403,42653,8685,0.287522,67.754951,0.007106,23.438782,19.398245,20.075022,0.499386,0.777702,759.398865,0.922769,0.244599,1.551576,0.652387,0.695449,0.249396
27179,1692,0.327525,82.4133,0.119301,45.393963,2.438354,24.831062,0.850687,0.584552,44.017151,0.873707,34627,3822,0.307484,52.069298,0.029788,13.584584,9.87573,10.445852,0.329479,0.865732,300.815125,0.949537,0.233416,1.238653,0.637845,0.784908,0.4427
25542,1602,0.328055,81.354004,0.125066,43.871742,2.283793,22.632767,0.815253,0.595892,45.207298,0.881649,25554,3672,0.301757,27.122246,0.023816,3.687206,2.24962,2.968895,0.110782,0.957569,133.683655,0.9812,0.225836,1.190193,0.737274,0.99953,0.436274
29070,1698,0.327287,80.857765,0.126701,45.011166,3.095683,26.849897,0.905129,0.578327,43.574646,0.861828,35404,4149,0.318507,45.67506,0.025845,10.648975,7.376458,8.58357,0.278999,0.88856,293.406189,0.956622,0.23743,1.212857,0.839573,0.821094,0.409255
23243,1542,0.325341,76.36731,0.122838,39.99258,3.12256,22.370319,0.846774,0.611042,45.716194,0.869873,26287,2445,0.317718,33.506725,0.055258,5.670227,3.614027,4.436698,0.166818,0.935418,202.45192,0.973132,0.216053,1.175305,0.91674,0.884201,0.630675
22556,1608,0.323676,73.404037,0.109623,37.217216,3.351433,22.153687,0.810598,0.627909,44.052624,0.875275,30598,6087,0.299989,53.066975,0.010378,14.794703,11.977396,12.512067,0.369065,0.843631,494.919159,0.943831,0.205424,1.21267,0.626024,0.737172,0.26417
31155,2112,0.318666,78.599609,0.087771,43.99321,7.025492,31.844738,0.991805,0.575002,55.93343,0.834969,38781,4710,0.299132,48.069107,0.021968,11.88487,8.574977,10.101405,0.309465,0.874288,348.767517,0.951075,0.239286,1.462604,0.716783,0.803357,0.448408
27939,1782,0.327174,80.287689,0.110562,44.454491,2.449503,25.874432,0.874554,0.581111,47.030697,0.869037,29121,3438,0.313665,26.464235,0.03096,3.506658,2.055511,2.884772,0.107804,0.958486,150.453232,0.981558,0.235454,1.293179,0.735502,0.959411,0.518325
24490,1629,0.319417,80.154747,0.115973,42.036171,3.123986,25.029083,0.849392,0.610679,43.005924,0.866179,27322,2646,0.315187,33.225689,0.049039,5.514833,3.491528,4.559731,0.158427,0.939505,168.003754,0.974243,0.216362,1.210253,0.650828,0.896347,0.615646
21942,1527,0.327219,72.880363,0.118252,37.894665,4.134394,22.814157,0.86766,0.614527,40.096024,0.861355,25607,3603,0.311908,37.021873,0.024788,7.043137,5.007892,6.093316,0.197885,0.919377,260.372162,0.970288,0.214043,1.189252,0.579057,0.856875,0.423813
30004,2037,0.320514,80.654091,0.090867,46.386063,5.350465,32.598164,1.005639,0.560022,50.875271,0.831432,44612,10725,0.283634,65.978233,0.004874,24.342371,19.960646,21.746136,0.566179,0.750165,795.441895,0.911596,0.249368,1.463362,0.573243,0.672554,0.18993
25640,1584,0.327045,77.445374,0.128416,39.776588,2.261852,23.763754,0.79015,0.622148,37.619122,0.88206,28559,2724,0.318469,31.253389,0.048366,4.878509,3.181685,3.76275,0.141653,0.944751,191.032196,0.976594,0.209357,1.129815,0.709716,0.897791,0.581498
27978,1920,0.318141,78.238884,0.095373,42.087631,4.632609,28.255322,0.916273,0.596686,51.284382,0.853922,39902,6807,0.276429,60.879326,0.010822,19.694542,15.403091,16.826176,0.470076,0.802391,512.355164,0.926432,0.225266,1.361702,0.607846,0.701168,0.282063
29515,1809,0.316121,80.158401,0.113338,42.562077,6.594442,31.462851,0.931789,0.604147,56.720333,0.846142,37233,4119,0.297084,49.06234,0.027577,12.125841,8.548049,9.687058,0.296842,0.877514,293.965759,0.954019,0.220467,1.235656,0.666975,0.792711,0.439184
29071,1719,0.328999,82.529167,0.123628,47.09663,4.401904,32.869469,0.968949,0.564515,50.353508,0.849835,46212,13755,0.257756,71.393044,0.003069,29.372299,23.834515,26.2209,0.654591,0.704738,963.657837,0.895799,0.246394,1.251092,0.819927,0.629079,0.124973
25111,1581,0.326992,78.343109,0.126244,41.382336,2.996706,24.799131,0.842324,0.606997,41.524685,0.873261,42366,10989,0.26725,72.528069,0.004409,30.388552,24.976542,26.768885,0.656589,0.700173,809.444031,0.896569,0.218828,1.165929,0.731094,0.592716,0.143871
25662,1629,0.321156,74.749451,0.121523,39.609215,3.639846,24.122635,0.88849,0.604788,41.058418,0.857238,48521,15531,0.254908,77.825806,0.002528,38.157589,32.642815,35.165062,0.805553,0.620357,1005.480591,0.872154,0.22018,1.192533,0.657124,0.528884,0.104887
24385,1836,0.327373,79.853188,0.090905,42.86573,2.440018,24.017496,0.838648,0.596201,58.467899,0.876877,35606,8781,0.267825,62.425491,0.005803,21.310059,17.032383,18.537668,0.498492,0.78118,709.978821,0.921429,0.225493,1.395137,0.722314,0.684856,0.209088
25656,1581,0.328923,78.938232,0.128984,42.793583,2.172327,24.654333,0.842197,0.592615,43.631432,0.875005,29626,3630,0.31254,37.30415,0.028253,7.126171,5.068071,5.685604,0.201974,0.919661,283.392853,0.967031,0.227993,1.178092,0.689717,0.865996,0.435537
27228,1797,0.326053,80.135063,0.105957,43.793247,3.737859,27.857101,0.909016,0.58819,51.630867,0.856497,47917,13308,0.276147,77.679794,0.0034,35.707626,31.661274,33.523071,0.725749,0.657722,954.239136,0.890843,0.230773,1.30786,0.742959,0.568233,0.135032
24371,1797,0.315654,75.982224,0.094839,39.296776,4.142975,21.732794,0.857088,0.617485,44.571743,0.859733,28587,2466,0.309806,38.22113,0.059073,7.442671,4.719162,5.443349,0.206877,0.919757,176.92897,0.967382,0.211885,1.323269,0.685534,0.85252,0.72871
25955,1587,0.328973,81.483299,0.129502,44.443348,2.530925,26.577845,0.867307,0.589637,43.180878,0.864635,31636,3933,0.299907,46.431362,0.025701,10.669233,7.952184,8.238839,0.263727,0.890825,311.008606,0.959869,0.229953,1.180804,0.88019,0.820426,0.403509
24461,1533,0.329095,80.151779,0.130798,42.221256,4.312738,25.725058,0.895768,0.60806,46.840313,0.847286,27531,2304,0.325495,34.210892,0.065173,5.73028,3.839549,4.557397,0.162542,0.938081,209.231781,0.973117,0.217995,1.14403,0.917012,0.888489,0.665365
21669,1470,0.327782,76.188766,0.126013,38.890415,5.26252,23.941999,0.867487,0.624134,48.325748,0.852459,27018,3234,0.301769,46.635342,0.032463,10.832069,8.076601,8.88727,0.272566,0.890114,297.288116,0.958087,0.20777,1.137771,0.732407,0.802021,0.454545
28442,1692,0.326717,83.453514,0.124844,46.631958,3.776555,31.138386,0.936699,0.576086,51.538555,0.84697,37283,6288,0.30057,56.029232,0.011849,15.784777,11.892472,13.380961,0.382177,0.841233,543.512085,0.938793,0.238631,1.224313,0.668621,0.762868,0.269084
27595,1824,0.325282,84.213493,0.104229,46.669144,2.959275,28.708691,0.908448,0.580964,47.126354,0.853409,43896,11940,0.293226,73.373375,0.003869,29.421179,24.346956,25.805447,0.613408,0.717977,944.532776,0.902845,0.235553,1.331387,0.678845,0.628645,0.152764
20788,1458,0.32738,74.466858,0.122887,37.612549,1.847018,17.97044,0.748859,0.629732,39.970318,0.893031,28721,5211,0.305322,55.211773,0.013291,16.051504,12.073803,13.017709,0.386827,0.835333,424.689606,0.939644,0.204291,1.142633,0.742731,0.723791,0.279793
26904,1653,0.327766,80.239731,0.123732,44.95388,3.128662,26.374212,0.91051,0.574564,44.44561,0.862538,34132,4068,0.310788,51.423985,0.025918,13.466184,10.055504,10.248599,0.333581,0.864046,321.895081,0.94829,0.239767,1.233582,0.898353,0.788234,0.406342
27273,1866,0.328931,79.963959,0.098428,44.208046,2.29124,23.459278,0.858369,0.580194,51.184181,0.876743,31284,2856,0.323239,36.937935,0.048197,6.879177,4.588336,5.22982,0.201413,0.92249,216.970367,0.967647,0.235928,1.372059,0.902242,0.871787,0.653361
22746,1494,0.32841,73.85907,0.12806,37.562065,2.579176,21.548929,0.794554,0.626211,43.096832,0.881574,25944,2259,0.325149,33.935917,0.063887,5.84636,3.982398,4.570216,0.172195,0.934034,213.51384,0.971796,0.206481,1.125,0.846009,0.876734,0.661355
28764,1716,0.327291,76.779144,0.122751,43.296875,5.050653,23.93651,0.971607,0.570411,54.542114,0.846493,36856,5262,0.319042,50.660416,0.016727,13.558475,10.649381,10.977497,0.356226,0.856335,384.060669,0.944557,0.242427,1.245283,0.912196,0.780443,0.326112
33047,1815,0.328483,72.758293,0.126063,41.521938,2.093368,22.835512,0.891679,0.563048,43.556614,0.871662,47230,10701,0.265926,59.172768,0.005183,20.164406,15.833541,16.938677,0.508102,0.778454,589.533508,0.917622,0.247714,1.24145,0.559592,0.699704,0.16961
25277,1986,0.324764,73.985672,0.080534,39.156609,1.554343,21.950092,0.818734,0.604311,25.46316,0.868599,37951,7035,0.301342,61.234356,0.009636,21.300102,14.296893,17.377115,0.555819,0.774772,452.41452,0.910838,0.219888,1.462445,0.639249,0.666043,0.282303
27472,2121,0.324959,69.735725,0.076739,37.415169,1.133076,21.704277,0.797859,0.596869,34.985935,0.884455,39688,4635,0.306029,58.981197,0.023215,19.628107,12.73171,14.793669,0.487152,0.797597,277.470764,0.924643,0.224907,1.517167,0.919291,0.692199,0.457605
18933,1365,0.329333,65.736397,0.127692,32.619694,2.10745,17.266317,0.766033,0.637988,30.77915,0.880845,23079,3105,0.31622,39.73999,0.030082,8.095436,6.335435,6.591768,0.250194,0.903811,284.17804,0.960884,0.198997,1.106159,0.83002,0.820356,0.439614
23279,1719,0.325612,73.766212,0.098997,38.663467,3.568787,23.73617,0.867135,0.609986,46.651653,0.863127,32618,5946,0.302657,58.422176,0.011594,17.955116,14.355032,14.333445,0.446648,0.817383,576.87738,0.931022,0.216509,1.310213,0.837881,0.713686,0.289102
24153,1587,0.325688,75.938103,0.120511,40.379486,1.979253,21.517962,0.808336,0.603284,33.054337,0.881747,35397,7917,0.278943,60.14645,0.007097,20.350147,15.655266,17.22476,0.487125,0.786832,557.65509,0.922342,0.221234,1.200454,0.661575,0.682346,0.200455
23610,1632,0.322211,79.226753,0.111395,40.964474,1.721403,22.315807,0.759029,0.618435,37.575687,0.892972,33003,5898,0.299853,57.886131,0.011922,17.505064,13.06388,14.582771,0.413774,0.824976,446.551544,0.93585,0.211589,1.219731,0.550988,0.715389,0.276704
24609,1569,0.329173,78.261108,0.12562,41.476925,4.519965,27.691992,0.909861,0.604722,46.831635,0.846431,28016,2418,0.321413,34.935032,0.060215,6.180048,4.069648,5.011167,0.177628,0.931688,196.512039,0.971551,0.220022,1.172646,0.774759,0.878391,0.648883
18044,1428,0.32676,72.251045,0.111195,34.612595,3.514517,18.14448,0.774608,0.655856,36.816254,0.875395,21528,2646,0.321218,38.634819,0.03864,7.195148,5.185263,5.595737,0.21534,0.918483,291.663116,0.965359,0.187771,1.151613,0.871184,0.838164,0.539683
23297,1599,0.324815,77.53392,0.114502,40.520824,2.648972,22.349541,0.819995,0.61233,36.147209,0.879438,28890,3960,0.317906,45.194965,0.023151,10.521871,7.541426,8.090403,0.284386,0.888206,311.042725,0.955988,0.215304,1.215046,0.82051,0.806404,0.403788
25442,1704,0.326657,76.718407,0.110109,40.932346,3.565149,25.621834,0.883208,0.6012,41.82053,0.856647,32819,5205,0.309564,49.143391,0.015223,12.832783,9.315926,10.425776,0.345277,0.861063,406.671661,0.944102,0.222216,1.258493,0.720068,0.775222,0.327378
21486,1530,0.327885,74.324364,0.115341,37.701431,3.191223,22.536873,0.814985,0.627914,38.286636,0.874849,26608,3501,0.315691,43.822983,0.02728,9.856889,7.037006,7.854528,0.273312,0.892939,316.181763,0.956488,0.205348,1.18238,0.673192,0.807501,0.437018
23694,1518,0.328386,78.95015,0.129213,41.46632,3.511437,27.32053,0.873052,0.609594,44.908348,0.858441,27939,3036,0.309742,40.379623,0.038091,8.052175,5.728202,6.588261,0.221619,0.913875,279.494385,0.965016,0.216958,1.14826,0.834684,0.848062,0.5
20906,1491,0.326279,75.76635,0.118175,38.296169,4.027278,25.092733,0.839414,0.629731,45.22411,0.862888,26710,3741,0.31136,48.380672,0.023983,11.713793,8.924828,9.892861,0.30633,0.87822,369.87381,0.953773,0.204178,1.164844,0.888317,0.782703,0.398557
25811,1719,0.315835,78.501961,0.109765,40.650146,2.685015,25.139936,0.83386,0.617462,38.996273,0.87334,32549,5556,0.294556,46.957249,0.01325,11.208536,8.275312,9.134119,0.310475,0.87783,450.092896,0.950747,0.212052,1.231375,0.610577,0.792989,0.309395
27035,1749,0.320255,77.084412,0.11106,42.079475,4.888417,28.035637,0.947397,0.588536,58.441635,0.847838,33206,4281,0.311136,45.776535,0.022769,10.567539,8.440841,8.821448,0.288227,0.885953,361.001038,0.95476,0.230489,1.276642,0.81853,0.81416,0.408549
22237,1494,0.329218,76.201828,0.125194,39.891239,4.716598,27.093044,0.877256,0.611192,58.626862,0.861344,27301,3732,0.319422,44.769814,0.024632,10.135008,8.33258,7.983896,0.268096,0.892436,379.490387,0.957842,0.21586,1.163551,0.834165,0.814512,0.400322
24469,1554,0.329429,77.426003,0.127328,41.611156,3.795683,26.534786,0.881713,0.597545,50.550663,0.860868,30419,4221,0.308075,47.721943,0.021455,11.102898,9.429288,9.21231,0.300041,0.881001,442.573792,0.953693,0.224825,1.177273,0.770138,0.804399,0.368159
27233,1791,0.326523,84.10778,0.106688,46.956593,5.080399,31.627092,0.987294,0.576341,66.101776,0.834397,30973,3918,0.320681,37.310555,0.025355,6.818274,5.065501,5.986012,0.189855,0.924236,347.501648,0.968971,0.238378,1.324704,0.837539,0.87925,0.457121
30656,1821,0.321959,82.786339,0.116173,45.79126,4.192764,27.224701,0.934468,0.581405,57.405605,0.856693,44967,10545,0.287896,63.634209,0.005082,22.309048,17.69997,18.945204,0.520041,0.771693,712.316956,0.919614,0.235236,1.26108,0.796963,0.681744,0.172688
26789,1788,0.316936,80.24469,0.105301,44.088268,3.303152,27.466829,0.906233,0.585069,59.742096,0.861103,35389,7332,0.305818,53.453167,0.008272,15.07137,12.089484,13.286019,0.374617,0.838609,579.093994,0.940719,0.232737,1.316642,0.606428,0.756987,0.243863
24240,1566,0.324524,77.177322,0.124211,40.872887,3.787447,24.178617,0.866725,0.605028,52.241566,0.868949,26698,2316,0.324131,29.899632,0.062548,4.463823,3.212072,3.572145,0.138048,0.947433,218.369019,0.977045,0.219948,1.179217,0.84847,0.907933,0.676166
23920,1647,0.318182,70.508286,0.110811,36.772751,6.193962,23.192247,0.901235,0.612562,60.617943,0.850695,27035,2490,0.31284,32.197197,0.054795,5.195669,4.063433,4.47066,0.16646,0.935549,229.93541,0.972903,0.214855,1.232784,0.745954,0.884779,0.661446
34154,2550,0.311465,84.3274,0.066004,49.505444,4.218451,31.8447,0.991367,0.547875,80.373825,0.845408,38324,4566,0.296279,35.363506,0.0231,6.348788,4.595679,5.490899,0.182616,0.925638,341.713043,0.968817,0.257106,1.748971,0.776423,0.891191,0.558476
26787,1638,0.32918,72.275284,0.12546,40.615715,3.008613,23.40477,0.894977,0.571746,59.377934,0.86013,34476,6918,0.296002,50.014275,0.009052,13.222705,11.264646,11.284614,0.361937,0.850352,497.676971,0.942724,0.241601,1.22973,0.911505,0.776975,0.236774
40269,2340,0.325162,80.964294,0.092416,50.961285,2.673734,30.824896,1.00215,0.506637,65.845985,0.850503,47575,6537,0.296539,44.264427,0.01399,10.296789,7.606833,8.314305,0.267538,0.884928,360.004364,0.957448,0.286022,1.557923,0.728202,0.846432,0.357962
34963,2199,0.327746,80.754852,0.090859,48.251621,2.378752,29.684984,0.930317,0.537092,58.16647,0.860095,69264,21855,0.265578,85.790825,0.001822,50.797939,42.94495,46.240524,1.045602,0.515755,1266.053833,0.826284,0.265032,1.510302,0.631402,0.504779,0.100618
31559,1995,0.322412,73.72805,0.099643,42.793884,2.245009,23.952557,0.902241,0.553527,55.229729,0.866611,34228,2718,0.316022,28.203058,0.058223,4.159378,2.692347,3.069899,0.13012,0.947932,184.697433,0.978319,0.253557,1.412889,0.741759,0.922023,0.733996
27748,1638,0.330098,82.432999,0.129961,46.95377,3.865978,29.083282,0.964986,0.565415,58.526764,0.840299,31210,2784,0.318349,36.590034,0.050602,6.491549,4.75721,4.903208,0.174098,0.930703,239.553879,0.97233,0.245792,1.21875,0.926424,0.889074,0.588362
26300,1716,0.316167,74.778053,0.112236,39.616348,3.374851,22.322964,0.854779,0.604368,47.441772,0.874489,33055,3762,0.297415,47.424488,0.02935,11.600882,8.77179,9.069365,0.290576,0.879683,280.460754,0.955804,0.220456,1.241679,0.578045,0.795644,0.45614
35207,2280,0.32427,82.194511,0.085108,49.278801,4.324646,29.534515,1.032002,0.535322,67.609161,0.839036,47063,7560,0.299898,59.159039,0.010348,18.495169,14.515571,15.09544,0.433843,0.812701,508.25415,0.932459,0.265729,1.565934,0.769932,0.748082,0.301587
22746,1518,0.327502,78.354584,0.124043,41.609253,4.636764,25.46521,0.906725,0.603545,53.985584,0.848511,25176,1932,0.320955,30.8368,0.084758,4.778824,3.342096,3.877439,0.140512,0.946026,186.77565,0.977401,0.220884,1.182243,0.874121,0.90348,0.785714
24131,1560,0.319421,79.716721,0.124605,41.794533,3.023831,24.985363,0.852891,0.610411,58.371483,0.868473,26892,2724,0.314681,32.54607,0.045543,5.143472,3.720913,4.312749,0.15022,0.941633,269.06424,0.975361,0.216437,1.167665,0.602203,0.89733,0.572687
23286,1815,0.321262,74.825714,0.088828,39.384792,3.937658,21.939457,0.865505,0.607458,59.019367,0.868095,25712,2214,0.320159,30.056835,0.065916,4.573375,3.059138,3.359907,0.138546,0.946498,189.681427,0.976858,0.218171,1.387615,0.724409,0.905647,0.819783
38593,3441,0.293612,85.548744,0.040959,47.998314,5.629554,33.603714,0.999322,0.572667,79.327972,0.836181,56260,9285,0.238225,67.507988,0.008201,23.671936,15.369008,20.056232,0.521931,0.775636,508.307983,0.914248,0.240114,2.134615,0.431306,0.685976,0.370598
40022,3123,0.303576,88.155174,0.051566,52.298069,6.138139,37.403362,1.076294,0.541426,81.726494,0.818416,54892,11922,0.276612,63.758396,0.004853,20.824474,15.625301,17.754105,0.476515,0.792874,782.038452,0.921415,0.260944,1.979087,0.358302,0.729104,0.261953
38225,2793,0.294734,87.147614,0.061577,50.914776,6.950155,38.602287,1.053754,0.550737,74.724342,0.823295,55751,10599,0.263752,68.862213,0.006236,25.011196,19.383057,21.711336,0.531298,0.760427,699.247131,0.916534,0.255031,1.801935,0.579504,0.685638,0.263515
36326,2481,0.310885,85.837791,0.074161,49.211952,4.193335,32.379883,0.98098,0.562058,54.322571,0.844684,51558,10374,0.263953,64.419891,0.00602,21.864605,16.693926,18.77157,0.505204,0.784375,659.322754,0.922068,0.248025,1.611039,0.35909,0.704566,0.239156
37531,2859,0.297631,83.131721,0.057699,47.655666,3.699034,32.735283,0.961004,0.561336,64.651855,0.845193,43771,5223,0.300726,40.801476,0.020163,8.380773,5.856644,7.135861,0.238847,0.906634,364.876801,0.961344,0.248031,1.832692,0.449594,0.85744,0.547387
39883,2826,0.303676,78.687439,0.062756,45.747066,5.014265,32.767849,1.017457,0.553526,56.842747,0.837557,65274,11196,0.266078,74.557785,0.006544,32.634083,24.836514,27.623806,0.709734,0.686573,585.682617,0.890166,0.253523,1.775126,0.49782,0.611009,0.252412
22645,2925,0.256502,73.452675,0.033261,34.339031,4.491062,21.445749,0.786922,0.666491,76.57653,0.870213,45536,10305,0.271756,80.851219,0.005389,38.024014,28.686914,34.122574,0.785021,0.648515,714.788452,0.871787,0.180237,2.062764,0.618777,0.497299,0.283843
20527,2256,0.287035,72.264359,0.050682,34.631145,2.215087,16.231819,0.744653,0.653404,59.783421,0.887533,51288,11487,0.291194,92.991669,0.004884,57.857655,46.370884,52.543514,1.13251,0.493914,894.256165,0.811526,0.18851,1.709091,0.599677,0.40023,0.196396
20146,2655,0.272383,72.094688,0.035914,32.192863,2.529687,16.358067,0.693058,0.688856,67.713844,0.891479,32036,6495,0.274178,60.752106,0.009543,19.744425,14.143843,18.069801,0.484192,0.796279,467.147308,0.921753,0.16685,1.907328,0.154692,0.628855,0.408776
25113,2763,0.262941,74.657318,0.041338,35.903549,2.61589,19.823071,0.772962,0.653347,69.388756,0.880608,46072,8697,0.273155,75.689354,0.007654,32.442898,23.021345,29.582962,0.68931,0.692232,559.385376,0.886505,0.188615,1.892466,0.800677,0.545082,0.317696
24786,2496,0.280296,76.629623,0.049995,37.828209,2.484848,21.450378,0.780814,0.641012,57.074558,0.880852,37943,10038,0.26625,64.283012,0.004732,21.812569,17.046015,19.945015,0.498101,0.78118,702.488403,0.921105,0.196775,1.757746,0.655459,0.653243,0.248655
18372,2163,0.279469,70.675148,0.049346,32.510242,2.234166,17.184004,0.715336,0.674324,65.053787,0.890675,33426,7446,0.272294,72.908783,0.007576,29.638952,22.373152,27.191538,0.641043,0.712528,669.380859,0.895575,0.175639,1.663846,0.392036,0.549632,0.290492
22355,2790,0.246141,69.351212,0.036089,32.007683,4.570006,19.738758,0.771372,0.673067,61.833157,0.874851,34687,9099,0.268635,59.558243,0.005265,19.24741,14.242002,17.263107,0.480488,0.794399,609.580139,0.920741,0.176704,1.95927,0.596495,0.644478,0.306627
21081,2682,0.254786,72.522583,0.036828,33.856567,2.083193,17.057774,0.726645,0.667557,55.993858,0.886931,37004,8889,0.265673,71.776711,0.005885,28.218359,20.032133,25.33173,0.634762,0.726351,656.061218,0.895498,0.17982,1.957664,0.589302,0.569695,0.301721
22664,2571,0.244575,67.156372,0.043087,30.593586,1.698027,15.408018,0.689641,0.679297,45.588375,0.894674,46376,11031,0.251054,77.307846,0.004789,35.967548,25.184597,32.132786,0.80827,0.649872,656.52771,0.864497,0.173145,1.765797,0.227866,0.488701,0.23307
17800,2427,0.249614,67.916962,0.037974,29.08247,4.684022,18.095854,0.676676,0.707937,53.207432,0.886744,32741,7005,0.27112,71.047157,0.008385,27.491806,19.764109,24.504173,0.60258,0.73831,555.141846,0.904947,0.155917,1.795118,0.636153,0.543661,0.346467
20941,2295,0.287197,71.996132,0.049962,33.659462,2.522185,19.899961,0.741879,0.667289,53.259388,0.882532,36313,8400,0.248391,71.047012,0.006467,27.581944,18.735386,24.857462,0.603002,0.733033,601.619934,0.89919,0.180346,1.680088,0.285839,0.576681,0.273214
20075,2046,0.284897,69.46167,0.060263,31.039394,1.588069,16.27088,0.665671,0.689298,43.203163,0.898535,30894,7221,0.260702,59.125973,0.007445,18.486006,12.400035,16.283693,0.436671,0.811131,454.16217,0.928532,0.167233,1.47619,0.243389,0.649803,0.28334
24641,2679,0.261083,75.020424,0.043144,36.571201,2.823458,20.845158,0.792258,0.646656,52.998394,0.877065,47143,9882,0.281326,77.334045,0.006066,35.4561,24.789289,31.363338,0.786519,0.658545,647.549927,0.869745,0.192758,1.863004,0.271784,0.522686,0.271099
22823,2334,0.258544,72.152557,0.052648,33.419231,1.925493,18.586628,0.702796,0.672955,38.31163,0.895685,50744,10569,0.266704,83.134254,0.005709,43.399471,34.622929,39.930489,0.900639,0.596487,645.738098,0.859979,0.177335,1.618585,0.363419,0.449767,0.220835
21896,2955,0.274561,75.543884,0.031511,35.46096,2.74995,21.387547,0.758274,0.664827,64.547646,0.877599,38095,11517,0.268379,71.777695,0.003609,28.05414,21.553883,25.432791,0.616077,0.725884,842.474121,0.89961,0.181342,2.113734,0.452081,0.574774,0.256577
18520,2508,0.233467,67.544395,0.036999,29.59424,6.005953,20.498779,0.712745,0.696491,74.827789,0.884105,33884,7950,0.271918,70.192245,0.006737,27.598652,20.481096,23.75419,0.640368,0.729119,660.382202,0.900017,0.162122,1.85503,0.561341,0.546571,0.315472
16661,1719,0.303429,68.692017,0.070853,31.809784,5.185755,19.801985,0.762203,0.67126,59.586418,0.873214,30215,5295,0.293592,72.382797,0.013543,29.665632,23.004482,27.096693,0.616563,0.715332,493.776062,0.905722,0.177774,1.399837,0.413846,0.551415,0.324646
22781,2817,0.274258,78.85849,0.036075,39.055267,3.538919,21.220821,0.819761,0.638246,81.504387,0.874068,39735,9180,0.26877,74.975471,0.005925,30.841997,22.24662,28.722122,0.670061,0.704814,667.013733,0.890087,0.197687,2.068282,0.438726,0.573323,0.306863
25485,2877,0.248501,68.471779,0.038691,33.372654,1.839026,15.604422,0.736789,0.646505,48.801598,0.892715,38748,8841,0.239669,57.99152,0.00623,19.054146,10.948437,16.174677,0.496969,0.789769,406.5737,0.916581,0.192937,1.97868,0.625577,0.657711,0.325416
21249,2235,0.270395,69.953957,0.053456,33.145008,3.362067,19.633282,0.773905,0.660314,49.649597,0.870307,34305,8526,0.254202,65.077194,0.00593,23.247175,16.514719,20.738636,0.527037,0.766443,596.431213,0.91442,0.184742,1.645803,0.487223,0.619414,0.262139
20094,2538,0.250346,70.264,0.039201,31.786394,3.084509,15.6933,0.719117,0.682552,51.229244,0.882216,32625,7800,0.261305,62.717682,0.006739,21.311842,14.555686,18.818367,0.526164,0.779018,541.920288,0.912961,0.170819,1.849854,0.552175,0.615908,0.325385
22359,3015,0.237455,73.781403,0.030909,33.953335,3.710825,19.412949,0.76358,0.673854,85.43541,0.874499,30196,7311,0.262624,50.424393,0.007099,12.734861,9.122563,11.457979,0.333176,0.861665,560.854797,0.944045,0.175745,2.111345,0.543735,0.740462,0.412392
22890,2907,0.233848,71.164627,0.034038,32.086967,3.604329,18.17013,0.734779,0.683835,92.053459,0.884558,35253,8562,0.262551,60.431759,0.006043,19.116234,14.641304,17.270617,0.431737,0.80532,618.662964,0.929631,0.169952,1.980245,0.685537,0.649306,0.339523
20227,2508,0.284391,71.605698,0.04041,34.101871,3.349658,18.468731,0.776331,0.657831,64.786552,0.87544,30558,5949,0.267982,59.180008,0.01085,18.779339,12.020949,16.923929,0.465901,0.802643,414.24762,0.923399,0.185855,1.89426,0.432311,0.661922,0.421583