41143,2946,0.274798,85.917252,0.059572,72.13826,5.654707,40.212807,1.475046,0.337055,64.935638,0.767505,72414,8190,0.291261,86.626671,0.013566,58.269554,44.881718,51.013184,1.297891,0.452118,528.971313,0.804585,0.415586,2.319685,0.361004,0.568164,0.359707
28388,2049,0.320921,88.917854,0.084969,89.935387,6.47823,54.427212,1.718555,0.236825,106.88549,0.704378,39465,5040,0.298964,78.494507,0.019524,38.755821,29.422525,32.777683,0.920016,0.621314,753.54657,0.844605,0.507817,2.165962,0.642396,0.719321,0.406548
29475,1962,0.31755,87.433853,0.09622,89.843498,9.301776,53.413799,1.834877,0.228864,86.35392,0.667591,35681,3588,0.312613,57.778976,0.034829,19.724682,14.946806,17.215979,0.556795,0.775647,490.781738,0.909618,0.516091,2.052301,0.616048,0.82607,0.546823
28877,1998,0.325422,88.776253,0.090901,71.30619,6.646398,47.055588,1.449116,0.363452,72.877716,0.749528,47834,7527,0.294829,87.421852,0.01061,51.435352,42.126492,45.098167,1.069954,0.529806,829.588928,0.83274,0.393441,1.826325,0.467204,0.603692,0.265444
30282,2088,0.32208,80.468971,0.087284,51.793488,6.63894,35.942692,1.157842,0.493793,69.684891,0.803114,54353,9588,0.247006,83.295906,0.00743,45.723858,38.75375,40.82431,0.977049,0.568,766.493225,0.856281,0.293986,1.626168,0.532127,0.557136,0.217772
23331,1593,0.321257,85.520508,0.115534,72.033379,5.009499,38.845387,1.441909,0.334404,75.246483,0.754835,31863,3345,0.298838,71.720734,0.035785,30.020573,24.55229,26.607817,0.708805,0.701307,548.389404,0.887837,0.41737,1.676842,0.580304,0.732229,0.476233
23178,1611,0.328026,82.13813,0.112226,73.016998,3.853962,36.15012,1.424337,0.304298,75.40345,0.76866,33949,2472,0.31694,77.882057,0.069814,39.462139,27.880096,31.59285,0.929495,0.614591,455.951172,0.847135,0.444091,1.762582,0.96996,0.68273,0.651699
19607,1419,0.328162,89.561981,0.122365,89.27623,6.414356,40.478943,1.622352,0.244602,83.34005,0.730801,26649,2052,0.324221,75.976257,0.079531,35.458664,27.272249,29.172283,0.847596,0.655397,559.96814,0.856093,0.50014,1.791667,0.894146,0.73575,0.69152
21835,1458,0.326866,90.707878,0.129077,99.243469,7.607505,54.738571,1.858866,0.199808,99.939377,0.646943,26140,1698,0.326293,61.250431,0.113931,21.236279,15.423307,17.464565,0.558207,0.778811,488.807709,0.904564,0.546983,1.8225,0.846625,0.83531,0.858657
21743,1785,0.317755,87.373001,0.085754,89.244408,7.428804,36.133442,1.645869,0.231916,92.533424,0.739804,29711,2715,0.318784,76.299934,0.050651,36.374432,28.122795,30.355259,0.887736,0.640188,612.088379,0.850445,0.513351,2.166262,0.888892,0.731816,0.657459
27869,2208,0.31687,84.823639,0.071835,75.760429,5.168198,43.995407,1.557634,0.298856,107.657722,0.755148,39638,3681,0.311524,78.640343,0.036761,37.907677,26.499374,30.692505,0.859213,0.637931,531.283569,0.860991,0.447709,2.212425,0.706924,0.703088,0.599837
23973,1746,0.32635,80.009239,0.09882,74.559006,4.752641,35.840073,1.545083,0.277942,73.617477,0.741605,29976,2817,0.309398,59.787224,0.047469,21.608437,15.419002,17.404823,0.582917,0.76133,414.358337,0.90177,0.468177,1.922907,0.765527,0.79974,0.619808
29792,4170,0.294889,82.556808,0.02153,81.796516,2.989751,37.578068,1.525905,0.243687,62.689842,0.748169,41215,2445,0.325275,74.193542,0.086638,35.927284,15.334169,22.331461,0.913716,0.633184,324.996857,0.8471,0.498127,4.246436,0.779847,0.722844,1.705521
18117,1953,0.315221,78.051491,0.059689,66.926216,2.177807,29.232368,1.359021,0.320304,44.951618,0.775904,25275,2517,0.314096,69.552086,0.050134,31.255342,16.599953,21.459923,0.841818,0.669003,445.898376,0.853548,0.427742,2.370146,0.58434,0.716795,0.775924
22574,2481,0.310744,88.370193,0.046086,80.038979,2.941943,38.918179,1.446881,0.292877,42.422859,0.759481,33334,2358,0.324523,78.403427,0.075337,41.031391,20.612659,21.483814,1.012816,0.596341,350.914429,0.829161,0.451923,2.768973,0.871331,0.677206,1.052163
20819,1851,0.324162,85.507103,0.076358,75.192955,1.970519,35.727592,1.386179,0.309329,41.518414,0.781019,30187,3273,0.319368,76.977715,0.035411,37.941986,22.334738,26.172928,0.957454,0.624173,512.363281,0.841098,0.438405,2.122706,0.907825,0.689668,0.565536
29856,2583,0.291301,86.939423,0.056233,59.748951,4.366035,39.38715,1.206743,0.454106,63.801758,0.789344,55401,6822,0.281445,91.475815,0.014959,56.114941,45.033325,50.906239,1.142366,0.508574,691.51239,0.822933,0.3218,2.113748,0.577939,0.538907,0.378628
29968,2031,0.30968,89.126991,0.091295,67.617432,3.849753,45.47578,1.297474,0.396486,55.246864,0.777436,44349,7485,0.290609,76.964157,0.009947,35.319397,28.572758,32.300579,0.803753,0.658231,808.311035,0.874366,0.366393,1.77535,0.727785,0.675731,0.271343
26835,2145,0.313475,83.605103,0.073292,68.425735,6.408058,42.628048,1.470399,0.351043,55.470287,0.73628,41032,4773,0.309498,79.043404,0.022633,40.671337,31.2887,34.743683,0.957749,0.600883,580.330322,0.852022,0.402686,2.074468,0.694643,0.654002,0.449403
31501,2085,0.317595,86.198341,0.091059,74.49353,5.059407,42.90905,1.485747,0.320451,49.640835,0.736475,55881,4014,0.320024,91.239464,0.043583,64.195511,43.542061,50.422497,1.407688,0.433125,453.618866,0.775227,0.429216,1.923432,0.717733,0.563716,0.519432
44128,4686,0.26543,83.836952,0.025253,53.058537,5.292824,35.554153,1.134879,0.502415,91.060547,0.812027,86385,9033,0.262448,90.521881,0.013304,55.53363,41.298534,48.117737,1.147389,0.510167,548.78186,0.819079,0.286978,2.962073,0.368025,0.510829,0.518765
42112,3570,0.26382,82.782555,0.041522,49.911865,6.986195,37.89785,1.084567,0.532305,74.294563,0.818835,95593,11706,0.266875,97.192368,0.008766,69.564377,55.257927,63.501526,1.273594,0.421823,635.978699,0.806412,0.267301,2.248111,0.264163,0.440534,0.304972
40743,2997,0.304268,76.42321,0.057002,42.458382,4.091235,28.242262,0.94243,0.578854,49.307201,0.848396,87614,9297,0.279519,87.189346,0.012738,52.896225,41.251869,48.420326,1.08189,0.517798,421.880829,0.837947,0.236793,1.790323,0.454445,0.465028,0.322362
45389,3402,0.277542,81.346664,0.049282,52.109497,5.802456,36.268353,1.153245,0.496424,72.667755,0.806445,86969,7371,0.25128,87.634743,0.020115,52.788414,40.513058,48.012608,1.089091,0.52417,430.907043,0.834008,0.291853,2.147727,0.609491,0.521899,0.461538
44596,3381,0.298441,95.279694,0.049025,83.262367,7.083144,54.813931,1.596004,0.315195,96.758545,0.731136,69466,8253,0.288256,88.762123,0.012816,49.931324,37.603714,43.653698,1.060701,0.555677,721.880676,0.830714,0.434176,2.637285,0.58798,0.641983,0.409669
46200,4224,0.255882,95.241096,0.032539,73.978043,7.25708,52.023949,1.428172,0.38198,117.734535,0.762506,86881,10539,0.28443,97.474548,0.00983,68.415672,52.059093,61.43475,1.341897,0.428542,741.398376,0.788331,0.377254,3.017143,0.48296,0.531762,0.400797
42705,3183,0.29301,93.729355,0.052968,66.010437,6.765136,44.770481,1.311298,0.4407,85.913673,0.780755,86676,7308,0.304945,101.682114,0.020394,72.927773,57.119377,66.878685,1.311695,0.420442,544.242798,0.795242,0.332632,2.204294,0.357877,0.492697,0.43555
23090,3759,0.21537,79.48275,0.020535,54.342037,5.698937,24.743214,1.243992,0.451043,129.424927,0.795131,51267,6036,0.306975,96.023117,0.017683,75.289116,54.054779,71.669327,1.599593,0.348357,673.061157,0.725533,0.321592,3.50653,0.634081,0.450387,0.622763
32798,4914,0.224578,74.021233,0.017068,41.682678,5.018776,22.414759,1.004444,0.564998,98.878746,0.840741,92043,8307,0.304179,95.864532,0.016761,82.970833,58.947006,80.167831,1.68232,0.299776,475.037262,0.719134,0.243598,3.329268,0.5147,0.356333,0.591549
28673,4167,0.231046,81.286949,0.020751,50.153141,4.554543,28.305952,1.0905,0.514888,111.0783,0.825398,68003,9051,0.2973,98.052048,0.010431,75.071297,57.500759,72.632324,1.52966,0.365698,785.494019,0.744481,0.277315,3.235249,0.426437,0.421643,0.460391
24388,2652,0.271267,71.428024,0.043575,40.935333,4.807486,22.956913,0.992381,0.558238,65.573402,0.834955,61684,7869,0.285816,94.748306,0.012518,72.871841,57.763767,70.758568,1.447904,0.367041,619.755737,0.762877,0.24906,2.118211,0.746375,0.39537,0.337019
24353,3273,0.217428,72.610451,0.028567,39.734764,4.651124,23.132751,0.955581,0.582683,87.865906,0.839182,63873,10542,0.277722,96.836594,0.007222,74.017372,56.928749,70.834312,1.497191,0.369085,847.263367,0.749399,0.232066,2.525463,0.672619,0.381272,0.310472
28198,3759,0.255576,75.487442,0.025077,42.291103,4.155053,26.840389,0.974534,0.570053,97.692055,0.84499,78162,9960,0.297508,98.997299,0.009901,84.572037,63.756935,80.466133,1.64879,0.313128,787.74231,0.720678,0.240269,2.739796,0.236652,0.360764,0.37741
24199,3012,0.285635,78.724716,0.033519,46.514191,4.687548,28.757751,1.030187,0.541302,80.846649,0.826444,54879,10530,0.267739,95.589508,0.00622,66.40461,56.706028,64.507309,1.240056,0.427751,972.246094,0.808423,0.26016,2.468853,0.217608,0.440952,0.28604
21495,2370,0.246262,77.230782,0.04809,50.217308,2.945248,24.983068,1.083232,0.483853,79.62381,0.83506,48457,5340,0.310049,97.041931,0.021354,74.636528,59.441681,71.738129,1.445194,0.374329,642.459595,0.767805,0.29954,2.210821,0.293037,0.443589,0.44382
28201,3513,0.267564,67.462265,0.028716,39.696419,3.528292,22.10955,0.988034,0.541586,80.664619,0.843781,70954,6567,0.291147,88.850609,0.020675,70.619385,54.915821,68.264534,1.515761,0.354087,529.532227,0.75622,0.259048,2.637387,0.361341,0.397455,0.534947
26073,3084,0.298537,73.220848,0.034449,38.70623,3.729271,19.626423,0.881746,0.603143,61.836521,0.854127,62936,11823,0.266382,94.508011,0.005658,62.944805,53.11935,61.510551,1.23885,0.449368,838.596741,0.803388,0.219747,2.238026,0.641019,0.414278,0.260848
24040,3381,0.250174,72.762108,0.026427,38.126236,3.837548,18.375845,0.876027,0.60672,74.682808,0.856037,62270,12207,0.275796,95.614632,0.005251,68.252792,57.329456,66.477737,1.381542,0.405022,948.083679,0.774785,0.216674,2.534483,0.16532,0.386061,0.276972
23514,3840,0.246277,79.541611,0.020039,46.712631,4.128595,24.827419,1.031268,0.541537,134.191437,0.830406,65652,6234,0.310227,102.688751,0.021229,93.557816,69.578568,90.232704,1.836611,0.273573,768.141846,0.679763,0.258047,3.178808,0.345044,0.358161,0.615977
27455,3555,0.256392,82.181816,0.027299,47.468639,3.440084,25.802511,0.989094,0.553837,85.360764,0.843548,59244,10539,0.270706,95.584579,0.006703,60.625507,51.821209,58.35445,1.162251,0.481759,955.651123,0.813189,0.251509,2.685045,0.928417,0.463422,0.337319
28197,3921,0.239514,84.044525,0.023047,49.015545,5.429924,25.648819,1.031973,0.548532,104.403679,0.835266,81917,10947,0.294347,104.393333,0.00859,99.497849,77.204086,96.570511,1.860919,0.246979,811.921875,0.692761,0.254681,2.93488,0.325095,0.344214,0.35818
24043,2967,0.284146,76.356247,0.034321,45.040173,5.430411,20.639719,1.044055,0.540486,77.221313,0.832361,62145,11379,0.256647,96.399391,0.006031,81.113213,65.544426,78.782089,1.651719,0.309064,780.662659,0.734152,0.260206,2.439967,0.496728,0.386886,0.260743
28859,3612,0.249324,77.543152,0.027797,45.908596,6.836411,23.550541,1.073025,0.539142,83.330132,0.827215,83483,10077,0.304194,98.130882,0.010331,95.150749,70.912498,91.619583,1.914871,0.236085,634.549622,0.674671,0.261248,2.71579,0.405515,0.345687,0.35844
25853,3084,0.247045,74.632217,0.034158,42.821815,3.262374,22.575687,0.980237,0.55577,81.78672,0.851238,65916,10638,0.283671,98.372475,0.007319,77.287048,60.892452,73.673729,1.548745,0.356075,850.917175,0.745727,0.250126,2.398134,0.139176,0.392211,0.289904
27378,4122,0.264806,79.345207,0.020249,48.834244,5.708169,30.057932,1.11869,0.515282,112.818352,0.819316,67287,9387,0.285589,99.020668,0.009596,80.356728,62.469852,76.899757,1.565956,0.337412,803.047729,0.749292,0.276797,3.27663,0.150572,0.406884,0.439118
23456,3948,0.29713,70.295036,0.018911,35.914165,4.798131,22.85453,0.887285,0.618342,96.159424,0.860763,70737,12456,0.278402,101.028038,0.005729,85.725853,69.752975,80.817673,1.588269,0.315702,875.107422,0.747857,0.209025,2.946269,0.636232,0.331594,0.316956
25485,3684,0.230949,78.23835,0.023597,51.459675,6.223058,25.508154,1.21683,0.473544,124.514198,0.794921,56005,9672,0.278407,93.691711,0.007523,70.507088,55.410419,67.04808,1.512314,0.371809,794.178894,0.755043,0.305576,3.186851,0.772537,0.455049,0.380893
27059,2673,0.270074,78.574448,0.047591,46.836296,3.231937,27.190754,1.002568,0.535834,83.026619,0.843597,60095,7107,0.294687,95.055969,0.014951,64.697083,52.866516,62.699203,1.264353,0.44225,744.098633,0.79563,0.263764,2.085023,0.14119,0.45027,0.376108
23772,2838,0.243643,77.8619,0.037089,46.389942,2.964721,24.761198,0.984299,0.536522,78.470299,0.850603,65418,6141,0.313111,101.755646,0.021799,93.176453,74.164795,89.505836,1.696592,0.277898,626.285767,0.715027,0.263314,2.361065,0.850861,0.363386,0.46214
26253,3180,0.26174,80.866623,0.032624,53.348618,5.060872,28.317455,1.190729,0.474946,100.606636,0.812234,63095,6441,0.295293,100.03434,0.019112,85.843346,62.200298,81.471558,1.66066,0.309685,584.182678,0.724909,0.305616,2.708688,0.162466,0.416087,0.493712