24232,7314,0.256537,72.255379,0.005692,29.824039,1.539527,20.719124,0.607537,0.720063,82.321671,0.898479,50380,5214,0.297817,79.84491,0.023288,34.418095,15.259445,29.655151,0.765957,0.69414,355.14328,0.873062,0.145874,4.476132,0.339134,0.480985,1402762
32675,1965,0.324679,88.999786,0.106341,52.008389,7.681943,39.327202,1.070552,0.551478,73.015495,0.826576,34981,2460,0.325489,28.318096,0.072639,3.799789,2.685239,3.419728,0.109983,0.957014,209.049393,0.982159,0.255194,1.368384,0.561533,0.934079,0.798781
26764,1614,0.328111,87.745033,0.129108,48.88018,4.120131,33.111732,0.939051,0.578318,75.157768,0.851307,31092,4080,0.304617,42.622452,0.023471,8.499557,6.721575,7.260439,0.208295,0.913645,390.401917,0.968308,0.237371,1.200893,0.750254,0.8608,0.395588
30023,1851,0.325622,87.993149,0.110116,50.230656,4.48695,36.328018,0.988517,0.564824,54.101059,0.835992,33855,2652,0.320215,37.597404,0.06049,6.745255,4.460144,5.934334,0.180049,0.930451,220.359177,0.971364,0.246343,1.322143,0.626577,0.886811,0.697964
28588,1836,0.311518,77.693214,0.106573,41.183937,5.038527,29.209114,0.916685,0.60486,52.630428,0.850532,35375,5439,0.301724,45.605091,0.015027,10.634256,7.998043,9.284535,0.273924,0.885163,393.221497,0.955656,0.220328,1.26971,0.534399,0.808141,0.337562
23603,1680,0.321681,72.633171,0.105089,38.156406,5.628982,23.211929,0.902468,0.608303,60.812153,0.853741,25349,2427,0.315145,25.418602,0.054079,3.344303,2.211947,2.573571,0.106768,0.957897,160.992966,0.982055,0.217579,1.274659,0.807832,0.931122,0.692213
31700,2079,0.326142,81.51194,0.092164,48.218765,4.234483,30.445503,1.018867,0.543088,69.393494,0.83888,35765,3960,0.319462,36.797096,0.02866,6.813279,4.678114,5.399039,0.191075,0.922566,287.120941,0.968828,0.260327,1.487124,0.642823,0.886341,0.525
46934,3039,0.319468,94.228104,0.063861,57.503696,7.195964,44.427429,1.115986,0.52628,77.047188,0.809057,69878,9831,0.26756,75.633675,0.009086,29.583897,20.614332,25.459833,0.606947,0.736061,565.251343,0.902418,0.271774,1.826322,0.734832,0.671656,0.309124
44765,3672,0.285048,89.095978,0.04172,51.611858,6.776405,37.996506,1.055041,0.55543,81.915619,0.828307,53935,6120,0.271859,44.99556,0.018096,10.401394,5.949028,8.370486,0.278779,0.887965,261.88562,0.956955,0.251881,2.175355,0.575392,0.829981,0.6
43662,4080,0.293268,85.791168,0.03296,48.738064,6.095241,35.123474,1.018631,0.565962,76.075897,0.834632,61752,8112,0.256761,64.505692,0.011792,21.619726,13.899292,18.492073,0.483528,0.792865,415.393311,0.92291,0.244597,2.414201,0.744006,0.707054,0.502959
26626,2535,0.269104,75.988312,0.052067,36.333488,2.651207,21.356411,0.764706,0.656837,60.846889,0.885921,39739,9540,0.273594,61.022396,0.005487,19.197586,13.365763,17.339939,0.446907,0.804782,597.200745,0.925945,0.186936,1.678808,0.387482,0.670022,0.265723
26080,3429,0.226395,77.620216,0.027873,36.504196,8.717057,25.701212,0.791736,0.664538,94.739761,0.869865,45261,10449,0.265215,72.022652,0.005209,28.059219,21.91058,25.7498,0.610788,0.731026,722.542419,0.902818,0.181569,2.261873,0.914406,0.576214,0.328165
25844,2958,0.233758,77.272324,0.037117,35.745132,3.426465,22.178997,0.762389,0.672754,69.216385,0.879104,31850,4734,0.26225,41.909924,0.017859,8.579895,5.260398,7.690019,0.234969,0.906866,321.792389,0.960455,0.176917,1.928292,0.22405,0.811429,0.624842
24597,2859,0.246854,77.523529,0.037815,35.748211,3.500107,20.889894,0.75302,0.674335,70.672493,0.881239,34819,7002,0.256528,55.777557,0.008924,15.471633,10.370376,13.806275,0.379855,0.84283,482.815521,0.936895,0.175929,1.911096,0.445232,0.706425,0.408312
28206,2694,0.280013,80.75753,0.048838,42.940533,4.824209,26.782103,0.917636,0.601696,76.723839,0.853676,37439,6606,0.285054,53.390564,0.010781,14.636768,10.162062,13.474746,0.367084,0.843732,465.248352,0.939737,0.221286,1.883916,0.604945,0.753385,0.407811
24812,3075,0.251602,81.906502,0.032975,40.060959,3.186821,24.707615,0.794352,0.64528,91.97773,0.878917,39360,7560,0.269051,69.750504,0.008654,24.834173,17.590258,22.663702,0.527115,0.768806,580.734863,0.915051,0.193633,2.147346,0.452219,0.630386,0.406746
28025,2586,0.300327,79.995224,0.052662,41.992226,4.003957,26.728149,0.892413,0.608667,83.139145,0.861418,38334,7452,0.266142,57.353786,0.008675,16.689808,10.970758,15.141106,0.386382,0.829969,473.859863,0.936252,0.217029,1.798331,0.719672,0.731074,0.347021
25848,2874,0.251437,80.462517,0.039325,38.170971,3.273119,22.169916,0.774221,0.660971,76.106377,0.880945,41248,9912,0.260933,68.848587,0.005276,23.998446,17.337688,21.496023,0.519299,0.772879,698.035217,0.913961,0.184236,1.913449,0.295695,0.626649,0.289952
22879,2706,0.260133,77.515587,0.039264,36.445084,2.786482,22.695747,0.743591,0.664849,72.032104,0.883816,42271,7656,0.28166,78.300812,0.009063,33.331898,23.344973,29.686331,0.68987,0.698724,583.754944,0.888129,0.181636,1.905634,0.581174,0.541246,0.353448
23184,2295,0.279909,80.657219,0.055314,39.94276,3.280646,22.63517,0.823352,0.639152,67.858727,0.872629,33318,7848,0.28711,62.034821,0.006798,18.870094,13.877022,16.947905,0.429613,0.815393,673.664246,0.928647,0.197802,1.672741,0.364878,0.69584,0.292431
22347,2313,0.296336,76.128708,0.05249,36.365047,3.28398,19.16357,0.771412,0.65722,60.485706,0.880773,31806,6144,0.287988,57.66856,0.010588,16.536848,11.792387,15.094516,0.400979,0.832342,503.888611,0.934355,0.186551,1.668831,0.3414,0.702603,0.376465
23760,2340,0.275997,81.056023,0.054529,39.3549,4.075624,25.83436,0.8207,0.649396,71.987602,0.863906,33721,8472,0.280728,60.936527,0.005904,17.956455,13.736995,16.350273,0.395611,0.82645,744.505371,0.935635,0.191459,1.659575,0.67953,0.704605,0.276204
32736,2907,0.29567,87.255875,0.048679,46.522118,6.876299,34.527912,0.962537,0.601364,104.351532,0.840641,59819,13104,0.256041,87.186699,0.004378,41.29599,32.272011,37.782852,0.737257,0.646371,888.703979,0.881444,0.221865,1.887662,0.378199,0.547251,0.221841
23349,3279,0.268426,77.267014,0.027289,36.769825,2.751439,20.753733,0.77007,0.657759,75.128624,0.878286,40795,9999,0.25197,74.826988,0.005127,29.717443,19.520788,26.577503,0.652686,0.720093,703.864502,0.890705,0.185367,2.309155,0.499217,0.57235,0.327933
23792,2652,0.282824,80.061249,0.04251,39.767509,3.487861,22.82955,0.835675,0.63662,86.499954,0.868,28798,3957,0.28172,42.771702,0.023112,8.790376,5.579123,7.916132,0.240059,0.904681,351.581238,0.959511,0.198764,1.916185,0.870349,0.826168,0.670205
26640,2628,0.26113,72.265854,0.048472,34.94281,2.124285,17.03854,0.740902,0.650917,51.136047,0.893524,32788,4938,0.279981,40.681137,0.016898,8.564353,4.94728,7.32399,0.243379,0.901528,254.207703,0.959376,0.190591,1.756685,0.362506,0.812492,0.532199
28778,2511,0.264603,78.089699,0.057356,38.681957,4.618217,25.77413,0.840855,0.639247,84.518234,0.867172,34247,4422,0.282008,40.975025,0.022009,8.022092,5.585609,6.883693,0.211729,0.914555,338.309937,0.965375,0.197806,1.645478,0.343781,0.840307,0.567843
27040,2055,0.308085,76.963043,0.080462,39.593117,3.405452,25.334093,0.858962,0.620242,46.902569,0.863187,31906,3768,0.305464,40.395603,0.02824,7.950797,4.794447,6.768014,0.213343,0.915641,255.147934,0.965789,0.210281,1.429068,0.3678,0.847489,0.545382
26265,2823,0.235027,80.580574,0.041416,38.954914,2.779966,21.2139,0.762608,0.651497,81.916069,0.888223,32792,5343,0.25907,45.96069,0.014435,10.159908,6.578833,9.074573,0.254284,0.89437,371.52356,0.957643,0.189993,1.889558,0.343361,0.800958,0.528355
25310,3504,0.246643,77.868309,0.025904,35.038898,2.115898,17.393051,0.686557,0.685284,67.959908,0.900201,40747,8172,0.275588,65.931778,0.007667,22.164734,13.975215,19.250319,0.516312,0.787362,499.702148,0.914703,0.168994,2.263566,0.565364,0.62115,0.428781
27584,3003,0.241064,81.664207,0.038438,40.463593,4.280329,25.381199,0.850072,0.638126,94.269722,0.864067,45186,10968,0.251134,72.67942,0.00472,27.461655,19.536392,24.718637,0.584655,0.741994,741.329407,0.901452,0.197977,2.002,0.43359,0.610455,0.273796
21469,2088,0.289671,79.347427,0.061881,38.702389,4.710033,23.703756,0.835907,0.646809,86.764023,0.861716,34967,8481,0.263339,72.803688,0.006109,26.945583,20.616764,24.687014,0.538558,0.752472,748.932007,0.912645,0.193039,1.565217,0.824498,0.613979,0.246197
24204,2697,0.274068,83.035866,0.041815,40.705746,3.667608,24.011093,0.8206,0.644102,96.501373,0.867682,40855,8775,0.267152,75.971245,0.006667,29.558828,21.591412,26.862112,0.613689,0.731073,739.771118,0.89831,0.194296,1.910057,0.865386,0.592437,0.30735
28074,3138,0.286379,85.711586,0.035827,44.087605,4.061646,27.470942,0.888082,0.618529,109.766853,0.857671,33917,4563,0.301243,44.63427,0.02047,9.289044,6.522549,8.713243,0.252147,0.900005,439.227051,0.956912,0.209827,2.134694,0.297061,0.827726,0.687705
22811,2211,0.28003,75.718452,0.058638,34.895557,5.012635,24.363497,0.779342,0.674677,75.201317,0.873412,41858,8031,0.276197,77.731773,0.008155,32.225624,23.697107,28.975248,0.624073,0.711261,579.160828,0.902014,0.17606,1.535417,0.256407,0.544962,0.275308
25545,2295,0.2857,80.470642,0.060947,39.242577,3.691468,22.730867,0.806958,0.647148,72.817039,0.878315,41141,9867,0.260716,70.84761,0.00531,25.622637,19.498362,23.386379,0.535572,0.758557,738.664063,0.91242,0.19288,1.574074,0.366706,0.620913,0.232593
28128,2928,0.262479,84.375259,0.041229,42.390827,4.935977,28.859541,0.874622,0.632211,93.661064,0.857071,40287,7578,0.274403,62.494987,0.008816,19.260668,13.664052,17.498951,0.420581,0.81689,551.599731,0.931338,0.202069,1.957219,0.41451,0.698191,0.386382
27182,2484,0.269062,76.797279,0.055359,36.842274,3.27001,23.486782,0.780097,0.655528,71.148476,0.881215,32367,4218,0.284678,38.928127,0.022861,7.451535,5.041617,6.658363,0.202791,0.918403,303.877625,0.967182,0.18782,1.632063,0.5189,0.839806,0.588905
24731,2490,0.27268,75.500259,0.050125,36.239948,3.598061,22.59145,0.797932,0.65435,79.449219,0.876252,33104,6861,0.258914,52.519207,0.008837,13.518638,8.88615,12.229055,0.323106,0.860887,438.781219,0.946628,0.188361,1.717241,0.398945,0.74707,0.362921
24660,2754,0.27135,80.102287,0.040858,38.462627,2.92565,21.416142,0.770707,0.653378,93.375633,0.885271,27836,3855,0.279411,33.657578,0.023538,5.396483,3.405608,4.817211,0.151523,0.938782,282.246246,0.974046,0.188783,1.904564,0.610908,0.885903,0.714397
25367,2847,0.242616,81.324295,0.039328,39.400871,4.939529,24.639683,0.842684,0.649154,104.062294,0.860946,34071,7416,0.264331,54.411896,0.007785,14.166576,10.882491,13.071663,0.345447,0.854548,659.896118,0.942176,0.190933,1.952675,0.672766,0.744533,0.3839
24245,3108,0.284596,83.388908,0.031541,40.910931,3.682142,26.560556,0.831188,0.642802,95.677551,0.864595,40102,8205,0.279523,73.571335,0.007485,27.882002,19.480484,25.330942,0.601548,0.741647,689.855591,0.899737,0.194603,2.194915,0.374123,0.604583,0.378793
26835,3105,0.238935,78.906929,0.034977,37.53698,4.096514,24.30895,0.787809,0.659607,74.572472,0.877094,34650,5217,0.270055,47.990986,0.015998,11.405995,7.325911,9.747707,0.291472,0.882402,355.130524,0.95253,0.18501,2.029412,0.289547,0.774459,0.59517
32266,3429,0.240773,79.397194,0.034484,39.844276,5.138614,25.884691,0.871645,0.632908,70.283798,0.857873,44809,18198,0.230998,67.381195,0.0017,24.30027,16.685066,22.504892,0.538135,0.760935,572.158752,0.9127,0.201765,2.143125,0.820578,0.720079,0.188427
26114,2454,0.278309,81.249878,0.054492,41.466152,2.517174,24.430492,0.821136,0.623722,74.613182,0.87636,29588,3507,0.289245,34.451576,0.030231,5.759814,3.443784,5.081822,0.1654,0.934207,269.677887,0.97156,0.207346,1.728169,0.623058,0.882588,0.699743
25247,2580,0.2522,78.245956,0.047663,38.071697,3.286348,23.705511,0.791273,0.648167,86.855644,0.878912,38598,7713,0.276385,65.509529,0.008153,21.945004,15.660139,19.683245,0.478927,0.789651,579.414246,0.921524,0.192073,1.77686,0.378805,0.654101,0.3345
23400,2964,0.275026,78.936523,0.033471,38.094341,3.30093,21.319895,0.795962,0.651097,82.031639,0.877003,31488,5718,0.265809,52.623871,0.012102,13.73358,8.54334,12.089692,0.351767,0.856872,427.208527,0.941413,0.18956,2.102128,0.430795,0.74314,0.518363
24496,3063,0.285521,83.709099,0.03281,41.328678,3.853612,26.919847,0.841349,0.639643,98.65078,0.863016,34211,6756,0.268416,59.040188,0.009419,17.022449,11.119018,15.294621,0.400867,0.831696,555.666443,0.932206,0.196618,2.163136,0.375264,0.716027,0.453375
26497,3135,0.236989,78.491798,0.033879,37.050694,3.88869,23.93189,0.776308,0.663386,71.480835,0.8789,47348,12213,0.256067,75.82386,0.003989,30.953339,23.211016,27.278078,0.663145,0.710991,870.188477,0.891502,0.18268,2.04902,0.287398,0.559622,0.256694
31927,3480,0.239197,79.069832,0.033129,39.419693,4.956841,25.544256,0.86155,0.636254,68.033058,0.859486,44921,8394,0.27263,56.845142,0.008012,16.734566,10.625936,15.069203,0.400592,0.82879,408.892059,0.934999,0.199645,2.175,0.82044,0.710737,0.414582
25907,2445,0.277407,80.991196,0.054459,41.12796,2.372388,24.157459,0.812674,0.626303,70.81498,0.877793,38485,9423,0.272185,64.990181,0.005447,21.510353,15.264927,19.285238,0.480093,0.789898,668.983887,0.919674,0.205703,1.721831,0.621984,0.673171,0.259472
24388,2529,0.249305,77.126091,0.047917,36.735168,2.670258,22.599339,0.757425,0.658809,70.889008,0.884355,42601,8307,0.281982,74.888779,0.007758,29.917912,21.633604,26.909985,0.628483,0.724277,626.519104,0.897666,0.185538,1.741736,0.370714,0.572475,0.304442
23686,2937,0.276651,79.323616,0.034506,38.568298,3.494483,21.680527,0.807785,0.647274,88.207741,0.875008,33408,8937,0.249574,60.982285,0.005256,18.791971,12.695498,17.075865,0.442221,0.8123,521.363708,0.927503,0.191876,2.082979,0.432919,0.708992,0.328634
22663,3165,0.226966,75.652267,0.02843,33.094639,2.238533,17.519768,0.678371,0.697956,85.290207,0.898763,33939,7920,0.262118,58.339428,0.006799,17.096682,11.810729,15.343715,0.411486,0.827184,577.012451,0.930714,0.161215,2.11,0.751619,0.667757,0.399621
22524,1938,0.30892,80.400955,0.075361,39.380276,2.370697,22.269478,0.784761,0.644868,66.448975,0.878408,37825,8952,0.25417,75.588959,0.005931,29.318857,20.620054,26.235949,0.59837,0.733954,705.127014,0.899719,0.194343,1.422907,0.413446,0.595479,0.216488
23936,2508,0.266089,80.091911,0.04782,38.951591,2.53619,20.689945,0.777017,0.648038,70.876793,0.881049,28595,4080,0.281203,40.498081,0.021586,7.921261,4.984899,6.803691,0.218679,0.913951,332.973297,0.962337,0.191963,1.771186,0.491856,0.837069,0.614706
25640,2775,0.278103,72.376259,0.041841,35.318455,2.141901,18.698868,0.770738,0.645584,60.399265,0.883106,39305,10716,0.262248,61.877888,0.004301,20.747961,15.578382,18.533863,0.505618,0.781968,686.656128,0.916133,0.193528,1.905907,0.598398,0.652334,0.258959
26372,2568,0.267291,69.737877,0.050253,33.653675,2.286992,18.901358,0.765036,0.651124,56.327312,0.882948,49890,17316,0.239349,75.595161,0.002091,33.913605,27.312733,31.277935,0.734945,0.660441,983.70929,0.87973,0.190313,1.718876,0.38366,0.528603,0.148302
26354,3345,0.208756,70.78759,0.029598,32.460854,3.77659,20.231487,0.760285,0.675239,92.676582,0.881675,64567,19809,0.266346,88.895615,0.002068,51.658588,44.085022,48.808113,0.990347,0.52913,1124.030518,0.842631,0.175199,2.155283,0.65858,0.408165,0.168863
30862,3027,0.267342,72.946091,0.042326,36.470318,2.856943,20.527342,0.806289,0.633675,73.076416,0.880505,62437,17070,0.216187,80.739822,0.002693,40.389652,30.997515,36.678631,0.875787,0.606125,845.522705,0.856432,0.201314,1.930485,0.579482,0.49429,0.177329
24264,3027,0.254548,70.592674,0.033277,32.025101,2.781775,19.179464,0.72458,0.680892,73.524956,0.88523,46795,7026,0.286771,76.695442,0.011912,33.287563,23.514851,29.675713,0.710969,0.691463,474.685944,0.886972,0.171749,2.012633,0.273426,0.518517,0.430828
28341,3288,0.233012,75.846664,0.032943,35.331829,3.176468,20.181925,0.761696,0.668905,78.618225,0.88163,33167,5385,0.24658,36.443024,0.014373,6.376304,3.946279,5.507145,0.179384,0.927594,297.333923,0.969517,0.179373,2.067924,0.328641,0.854494,0.610585
22399,2418,0.228531,68.625175,0.048142,29.236212,1.91394,14.740536,0.636677,0.710802,40.117092,0.905709,31315,5073,0.264088,49.522308,0.015291,12.592795,7.219487,10.966047,0.320055,0.869496,251.294159,0.949177,0.154732,1.588699,0.293848,0.71528,0.476641
24715,3039,0.244781,80.169174,0.033629,38.068203,1.973018,20.076616,0.741037,0.659628,70.472076,0.888757,34965,5784,0.268697,57.585663,0.013134,16.467993,10.139219,14.566545,0.395879,0.837455,419.562531,0.933247,0.184523,2.07582,0.916639,0.70685,0.525415
22804,2469,0.27078,79.856743,0.047009,37.816528,3.832804,23.890001,0.793547,0.661409,69.363617,0.866797,28110,4965,0.282757,44.560215,0.01433,9.368912,6.115917,8.250891,0.244221,0.902179,418.839569,0.959081,0.183835,1.751064,0.534082,0.811242,0.497281
24205,2322,0.288083,78.336182,0.056414,38.118305,2.68707,23.788626,0.77948,0.648271,62.84676,0.879885,37885,7296,0.268848,67.576912,0.008943,23.500076,16.49967,20.903772,0.509261,0.777886,541.366699,0.918645,0.192163,1.635211,0.351457,0.638907,0.318257
25605,3510,0.226051,73.83564,0.026117,33.936401,3.631468,20.397305,0.757517,0.674956,70.841805,0.878138,35489,6174,0.275102,51.940647,0.0117,13.737092,9.013541,12.253069,0.363555,0.854354,396.35257,0.939755,0.175197,2.294118,0.576841,0.721491,0.568513
21515,1956,0.292423,74.220535,0.070666,34.475597,3.432245,20.725616,0.751715,0.671027,54.093021,0.873924,42004,10770,0.278683,80.878868,0.004551,36.375534,29.465504,33.350868,0.715348,0.668544,838.264709,0.886869,0.178307,1.405172,0.362882,0.512213,0.181616
22774,3159,0.243289,75.57946,0.028678,34.765347,1.457085,19.14185,0.701074,0.674425,47.552715,0.893514,71852,17175,0.25289,100.488335,0.003061,77.759422,62.030479,70.651703,1.462645,0.364524,1227.258301,0.759745,0.175247,2.190707,0.781586,0.316957,0.18393
28373,3522,0.236625,75.056,0.028743,37.018936,3.374155,22.416065,0.824413,0.640097,79.737312,0.867443,74739,17967,0.275361,93.597832,0.002909,63.730297,49.597305,58.447109,1.273005,0.438314,959.246887,0.787898,0.196445,2.311024,0.530415,0.379628,0.196026
24418,2082,0.287162,74.777275,0.070788,35.122684,2.384089,19.714958,0.734742,0.665916,53.91098,0.891354,59061,9675,0.288239,92.490616,0.007929,54.258492,41.279324,49.268646,1.036446,0.536244,617.987671,0.832688,0.181803,1.420191,0.271815,0.413437,0.215194
24704,2961,0.2618,81.097725,0.035408,40.824242,5.555411,26.23,0.892232,0.629407,123.05304,0.851853,59389,14694,0.275661,98.558289,0.003456,62.003315,52.931324,57.591965,1.089988,0.486522,1314.154419,0.824955,0.203158,2.115,0.413206,0.415969,0.201511
26917,2718,0.27065,75.796654,0.045787,35.793968,2.209809,20.044527,0.736252,0.663529,55.919453,0.889841,43651,8829,0.242943,66.775604,0.007037,23.774359,14.874843,21.016642,0.530604,0.769044,458.668549,0.912115,0.182901,1.769531,0.451787,0.616641,0.307849
24624,2706,0.274929,74.601624,0.042258,35.948624,2.50083,21.574423,0.767942,0.652617,61.887829,0.880271,33040,7590,0.261742,50.858517,0.007207,13.312196,8.431643,11.627688,0.340448,0.856017,481.304138,0.942747,0.189296,1.871369,0.496787,0.745278,0.356522
20886,2340,0.283862,75.840378,0.047933,36.127476,2.500912,20.051163,0.75407,0.658308,58.079567,0.8831,29414,7557,0.277125,57.014877,0.006472,16.478592,11.486308,14.903281,0.398188,0.830872,544.61792,0.934741,0.185873,1.741071,0.295083,0.71007,0.309647
23497,2676,0.24399,77.166176,0.041233,37.052402,2.62566,21.613808,0.768947,0.654862,58.418556,0.878977,49159,21693,0.241252,84.578735,0.001313,42.71582,35.748577,40.230312,0.88303,0.595701,1533.623291,0.854641,0.188042,1.892503,0.754634,0.47798,0.123358
27003,2991,0.274287,80.051643,0.037931,40.433182,4.038546,27.536419,0.859258,0.628932,72.1091,0.861054,34988,6558,0.288651,49.891788,0.010223,12.547929,8.859706,11.385085,0.325156,0.866783,489.723846,0.947681,0.203927,2.054258,0.547733,0.771779,0.456084
27346,2790,0.280403,78.931839,0.044146,40.35944,3.485319,25.25906,0.861069,0.622121,68.11483,0.86355,68842,18975,0.240601,96.129585,0.002403,64.757484,55.874264,60.865746,1.222285,0.442927,1279.080078,0.805472,0.208122,1.924138,0.84676,0.397228,0.147036
23969,3237,0.239484,75.346291,0.028746,35.26022,1.968664,18.781103,0.723857,0.665984,63.870739,0.890037,43920,8346,0.27173,74.173401,0.007923,30.934881,20.113888,28.119967,0.692944,0.702962,517.115784,0.884497,0.180506,2.220165,0.647615,0.545742,0.38785
21618,3051,0.247467,75.423668,0.029184,35.51709,2.34349,19.773012,0.74741,0.663536,63.478798,0.883881,49430,16611,0.260905,91.077538,0.002251,50.138256,38.6758,45.618206,0.978001,0.558013,1236.463623,0.833322,0.182357,2.214078,0.393364,0.437346,0.183673
33717,3546,0.286512,85.222969,0.033696,48.028744,4.814566,32.474773,1.003053,0.570195,99.775909,0.838245,58270,14151,0.270189,81.581825,0.003657,37.538631,29.772976,34.411339,0.748644,0.653911,1002.224792,0.876593,0.241812,2.370321,0.50664,0.578634,0.250583
23637,2469,0.27389,77.517357,0.048726,37.99934,3.865047,23.016338,0.822629,0.644117,73.997673,0.869627,30920,6630,0.273859,50.865353,0.008839,12.788239,9.304397,11.516429,0.308587,0.867277,510.807709,0.949421,0.194755,1.761056,0.328878,0.764457,0.372398
23722,2301,0.301392,74.905319,0.056303,37.070904,2.117527,20.68635,0.780449,0.63924,45.865189,0.881467,56233,22077,0.244915,90.302124,0.00145,55.308193,46.871063,52.555805,1.11578,0.491677,1419.052002,0.818411,0.197673,1.660173,0.774365,0.421852,0.104226
24919,3684,0.216361,74.11805,0.023073,33.467915,3.121099,23.32786,0.72641,0.683223,70.55735,0.881323,38399,6723,0.283153,59.822628,0.010676,18.904446,12.363841,17.056873,0.465068,0.808295,454.165649,0.924706,0.16997,2.4047,0.726388,0.648949,0.54797
23334,2550,0.280298,77.479553,0.045094,37.373997,3.364904,22.528723,0.803323,0.651906,74.755043,0.869328,36885,10800,0.265327,66.998138,0.003974,23.351934,16.852596,21.260952,0.522934,0.767539,818.378845,0.910363,0.189619,1.816239,0.346472,0.632615,0.236111
26384,3375,0.263187,80.845741,0.029107,39.882549,4.194323,25.537691,0.842532,0.640379,91.842888,0.859452,42067,9966,0.259418,69.004539,0.005322,24.783579,17.339916,22.9403,0.547087,0.758892,701.183472,0.907754,0.196377,2.295918,0.511181,0.62719,0.338651
26288,2055,0.292968,78.646835,0.078225,38.541656,3.991072,22.734188,0.803132,0.645584,56.109825,0.877309,34916,4644,0.285066,50.237724,0.020345,13.048164,8.428743,11.206149,0.327944,0.864497,322.127808,0.947824,0.194133,1.394166,0.354377,0.752893,0.442506
23366,3327,0.252682,65.969826,0.026527,26.676374,1.610951,14.531516,0.590107,0.732925,50.754059,0.912573,46140,5787,0.296288,69.936882,0.017313,27.713869,15.158817,24.083385,0.627532,0.732675,250.646179,0.898888,0.141126,2.043612,0.355337,0.506415,0.574909
21169,3189,0.278203,71.748955,0.026158,30.985651,1.800331,17.189009,0.648462,0.704323,45.544575,0.897662,41423,8772,0.262878,75.040222,0.006765,31.40737,19.03088,27.391113,0.707568,0.70363,489.525848,0.882831,0.157705,2.175307,0.142046,0.511045,0.363543
20415,2559,0.273546,73.376991,0.039176,34.101501,1.834251,18.243469,0.717756,0.669962,42.554478,0.8874,31687,7071,0.2788,62.24284,0.007964,20.201223,13.197169,17.656218,0.496796,0.794518,518.147034,0.918466,0.178375,1.889956,0.571556,0.644271,0.361901
20415,2559,0.273546,73.376991,0.039176,34.101501,1.834251,18.243469,0.717756,0.669962,42.554478,0.8874,29080,5601,0.290202,54.895496,0.011649,15.40484,9.413857,13.270502,0.402212,0.838153,418.027924,0.933993,0.178375,1.889956,0.571556,0.702029,0.456883
23274,3141,0.245561,77.252747,0.029645,35.483662,4.553798,20.868929,0.776448,0.675179,93.952965,0.870111,29649,6234,0.268072,45.719894,0.009587,10.144348,7.097204,9.024602,0.271614,0.889311,510.396454,0.952887,0.174886,2.15137,0.446678,0.784984,0.50385
23818,2670,0.273525,72.224564,0.041985,32.917809,3.218255,21.356766,0.737827,0.679725,58.38599,0.880583,34512,8268,0.261152,56.292976,0.006344,16.275764,11.287427,14.45175,0.389995,0.832778,542.394348,0.93688,0.172842,1.79677,0.250327,0.690137,0.322932
24336,3300,0.244183,74.166824,0.028082,34.941746,2.677311,19.072628,0.75184,0.663379,64.558441,0.884714,34927,6669,0.272017,54.163853,0.009868,15.618662,9.85207,13.888623,0.412341,0.830708,414.304291,0.931319,0.182216,2.254098,0.515562,0.696768,0.494827
23023,2403,0.28394,73.110161,0.050103,34.397518,2.013417,17.867853,0.724021,0.664563,51.415092,0.891448,44574,12048,0.252091,79.22139,0.003859,35.541241,26.48772,32.24263,0.750904,0.665135,828.213135,0.874346,0.182029,1.6875,0.357889,0.516512,0.199452
23334,3111,0.24162,70.545364,0.030297,32.051712,3.152694,19.851778,0.736019,0.680214,67.339455,0.87845,45539,7593,0.286956,76.370865,0.009926,33.629658,23.177219,29.929665,0.722987,0.682823,491.223511,0.882339,0.171907,2.110584,0.669678,0.512396,0.409719
27948,3255,0.259752,73.604149,0.033148,35.632931,3.753939,24.123253,0.808715,0.649985,64.667793,0.869512,43862,7644,0.268343,63.491299,0.009433,22.127865,13.712253,18.955769,0.515801,0.778213,412.591187,0.917237,0.190713,2.124674,0.537213,0.63718,0.425824
17185,2562,0.233466,63.626198,0.0329,25.73789,1.970675,12.422955,0.595033,0.732212,36.161106,0.904807,25322,5220,0.25479,50.059971,0.011678,13.092902,7.946448,11.161942,0.365293,0.856087,335.227081,0.941072,0.141562,1.837877,0.495557,0.678659,0.490805
21305,2130,0.281745,65.41317,0.059011,26.97135,9.59626E-07,12.246689,0.568641,0.725533,27.221048,0.919908,44665,6048,0.29369,76.225739,0.015345,33.106556,18.87484,28.456499,0.724107,0.693462,309.554688,0.881543,0.146065,1.393979,0.239234,0.476995,0.352183
22653,3354,0.244924,69.706047,0.025305,33.284191,1.900857,19.919626,0.755133,0.655006,57.13913,0.880295,64235,12552,0.296081,95.016434,0.005123,68.261627,56.294842,62.834183,1.318375,0.413284,837.584961,0.790602,0.186721,2.406026,0.616273,0.352658,0.267208
23217,2688,0.271182,67.493004,0.040379,32.803524,1.369615,15.691586,0.735551,0.647333,32.672638,0.886588,49302,16128,0.254408,78.785507,0.002382,40.90807,32.980907,38.253906,0.925496,0.584882,937.169678,0.847887,0.192407,1.933813,0.91343,0.470914,0.166667
26460,3654,0.238811,73.657349,0.024904,35.21167,1.792874,23.270508,0.742892,0.655845,56.392002,0.887648,40776,9354,0.261676,59.456001,0.005856,19.824568,12.722229,17.965242,0.526827,0.786418,539.418152,0.914036,0.186738,2.403947,0.278164,0.648911,0.390635
20160,2520,0.267836,70.733017,0.039893,31.66188,1.259977,14.847952,0.650846,0.687944,32.454193,0.902204,55641,17370,0.272274,94.74379,0.002317,61.003178,50.576847,56.452141,1.18874,0.471946,1109.114136,0.808895,0.167786,1.815562,0.458871,0.362323,0.145078
21028,2664,0.278214,64.699287,0.037234,27.048975,1.423184,13.474814,0.610377,0.71825,39.34753,0.909662,45902,6576,0.295756,78.516533,0.013339,36.171665,21.142393,31.450626,0.796873,0.663925,342.289032,0.871235,0.149772,1.776,0.239129,0.458106,0.405109
22946,2679,0.24253,69.660225,0.040176,30.621923,2.25977,17.676266,0.679055,0.696438,51.730072,0.89191,49384,12702,0.263922,80.921005,0.003846,38.636974,28.35936,34.758869,0.807837,0.638925,739.625671,0.866296,0.16274,1.783622,0.34994,0.464644,0.210912
23096,2580,0.2725,73.063591,0.043602,34.683491,2.007683,18.51367,0.731578,0.659862,57.954044,0.889611,40412,9333,0.258301,71.742188,0.00583,28.582424,19.263945,25.257095,0.635785,0.722996,566.222107,0.895005,0.184842,1.824611,0.623339,0.571513,0.276438
20315,1734,0.311915,74.514282,0.084904,37.032063,2.270074,18.488777,0.782029,0.637535,45.216011,0.883714,40226,8766,0.282306,81.514099,0.006578,39.741768,30.667334,35.836067,0.836956,0.628833,709.421082,0.862563,0.19912,1.356807,0.7775,0.505022,0.19781
23339,2844,0.274454,73.848541,0.03626,34.688831,2.472957,20.437683,0.747886,0.66471,62.869091,0.882168,42799,9153,0.250076,74.677681,0.00642,31.373415,19.611624,28.036978,0.688745,0.701093,547.895813,0.885175,0.181573,1.977747,0.315186,0.545316,0.310718
27427,2880,0.260095,75.916252,0.041553,37.556381,2.371514,23.067347,0.79236,0.639274,58.569901,0.87883,81800,14337,0.287039,98.850868,0.005001,78.806862,62.163284,72.720512,1.463746,0.354457,823.125183,0.758684,0.197322,1.912351,0.251211,0.335293,0.200879
23709,2454,0.262149,72.689255,0.049474,33.890358,2.241539,18.675673,0.724766,0.669103,45.404179,0.890171,34756,7527,0.267764,57.200012,0.007709,17.11014,11.199664,15.202131,0.419006,0.822916,456.559845,0.931583,0.179434,1.687758,0.339625,0.682156,0.326026
23299,3090,0.243116,72.562241,0.030664,33.423126,2.30623,17.497496,0.723541,0.673574,62.871166,0.88815,37106,7539,0.258818,62.426071,0.008204,21.005123,13.468541,19.039478,0.514822,0.783865,458.109192,0.915334,0.17577,2.119342,0.30281,0.627904,0.409869
23419,3717,0.260506,70.137108,0.021301,31.654308,1.927773,18.733007,0.693474,0.683547,46.312462,0.89249,61979,18606,0.281701,90.80632,0.00225,56.90662,43.501373,53.154549,1.155611,0.485493,902.562744,0.811228,0.169947,2.501346,0.524271,0.377854,0.199774
24212,3000,0.278587,79.544563,0.033806,39.944935,1.766316,22.636095,0.785922,0.631327,49.516014,0.880516,50045,18018,0.264759,87.909805,0.001937,47.103863,35.104721,43.119686,0.979854,0.569477,1135.859375,0.837582,0.201969,2.164502,0.664148,0.483805,0.1665
29449,2760,0.278651,83.646523,0.048581,46.210426,4.742845,29.47217,0.960602,0.580604,117.734848,0.848501,71197,15918,0.267235,97.411537,0.003531,68.379623,59.243553,64.226807,1.220484,0.425354,1064.255249,0.80548,0.234908,1.946403,0.574697,0.413627,0.173389
30424,2799,0.284485,81.32782,0.0488,43.357006,5.300531,28.043377,0.940931,0.600289,106.735863,0.851259,65240,19320,0.266343,88.923965,0.002196,51.567291,43.584457,48.162399,1.005018,0.529377,1213.158081,0.840241,0.22225,1.891216,0.48168,0.46634,0.144876
20259,2523,0.256622,71.222618,0.039994,31.109011,2.050403,16.243097,0.664779,0.700108,51.546989,0.897418,38199,8088,0.27472,73.38076,0.007338,29.583183,19.076914,26.474426,0.645799,0.718916,492.648651,0.892772,0.160755,1.776761,0.747745,0.530354,0.311944
28657,2784,0.259398,79.45076,0.046462,39.681416,3.763078,24.088621,0.840283,0.635062,66.719002,0.867951,49223,12411,0.257262,75.114799,0.004016,30.562429,21.651827,27.484201,0.647345,0.711841,716.206909,0.892779,0.20041,1.824377,0.252197,0.582187,0.224317
27850,2514,0.257156,78.660934,0.055374,39.683167,3.064334,22.265865,0.819347,0.630027,61.08654,0.875907,35227,4638,0.278644,46.09869,0.020579,10.936323,6.699473,9.635906,0.286513,0.882859,292.976318,0.953382,0.203488,1.689516,0.355684,0.790587,0.542044
23688,2040,0.281598,78.291283,0.071528,39.117275,3.060017,20.93862,0.792728,0.635177,69.459381,0.882591,46640,8217,0.275445,84.728241,0.00868,41.419163,27.743143,37.050907,0.800217,0.632872,551.640564,0.863769,0.200549,1.473988,0.287424,0.50789,0.248266