30533,4755,0.267911,59.269215,0.01697,21.759733,2.8201,15.435907,0.514483,0.771721,37.445675,0.922948,83948,11409,0.282308,78.338989,0.008104,40.171955,21.163839,33.416466,0.887404,0.614923,234.851654,0.858016,0.119253,2.349308,0.324339,0.363713,0.416776
25446,3159,0.300248,57.545704,0.032043,21.482113,1.292086,10.548409,0.501056,0.765068,24.693092,0.929436,51986,12918,0.249891,62.772854,0.003915,24.003031,10.592568,18.543921,0.582549,0.743506,250.750748,0.904915,0.123208,1.737624,0.478599,0.489478,0.244542
30923,1899,0.32645,72.216797,0.107756,39.659756,2.776347,22.618771,0.893126,0.583346,42.738335,0.868899,53472,22857,0.228744,81.209999,0.001286,35.713154,33.169617,32.515419,0.770192,0.649255,1911.630249,0.880608,0.234052,1.306052,0.62034,0.578303,0.083082
31691,1872,0.325056,69.744881,0.113641,38.210987,8.256462,26.799131,0.938127,0.584289,53.205742,0.856013,49431,9414,0.264878,70.121368,0.007009,27.116673,22.606657,24.068893,0.594449,0.738474,710.300659,0.911935,0.233382,1.270014,0.604961,0.641116,0.198853
31800,1788,0.329264,73.208488,0.124998,40.907738,2.862847,22.081522,0.89509,0.57444,47.36026,0.869752,51405,10818,0.259087,74.345352,0.00552,30.663067,25.819309,27.807775,0.637137,0.706244,776.574097,0.899321,0.240036,1.228022,0.419941,0.618617,0.16528
27652,1671,0.325356,67.051369,0.124447,37.119148,2.695618,18.563587,0.88602,0.57849,35.15826,0.870245,34366,3303,0.318939,45.298176,0.039584,10.623368,7.837981,9.409836,0.309433,0.877739,280.854279,0.954098,0.237132,1.22328,0.830701,0.804632,0.505904
24088,1800,0.327087,66.069016,0.093426,33.810593,4.168666,17.789425,0.838662,0.619573,50.042633,0.868065,30398,4746,0.299774,46.120377,0.016959,10.7785,8.409327,9.741673,0.297691,0.879816,383.753326,0.952903,0.210357,1.329394,0.535642,0.792421,0.379267
24984,2427,0.316041,56.302685,0.053301,25.17207,2.870699,13.497643,0.692812,0.684389,47.088745,0.89628,36328,5259,0.239798,52.696815,0.016506,14.691291,9.051919,12.831923,0.389168,0.839042,285.483856,0.939112,0.17023,1.582138,0.773268,0.687734,0.461495
29045,1956,0.325817,74.81292,0.095399,41.796131,3.060788,22.768932,0.93041,0.572832,49.319618,0.856378,36970,4836,0.297027,52.044186,0.019865,13.422354,9.908727,12.606574,0.346045,0.860122,405.257935,0.946467,0.24061,1.407194,0.594032,0.785637,0.404467
25712,1830,0.30863,72.480652,0.096481,36.917469,2.816247,17.52364,0.807612,0.623098,36.111595,0.8784,38523,7497,0.277751,64.427589,0.008613,21.104889,16.835669,19.313173,0.512784,0.786585,600.811401,0.920717,0.208512,1.301565,0.549928,0.667445,0.244098
27550,1677,0.329128,65.750214,0.123102,36.091576,3.365017,19.108047,0.900726,0.58167,32.380333,0.86076,39188,4377,0.314037,58.487904,0.025705,18.991528,13.805518,16.261623,0.479875,0.800246,305.268616,0.926382,0.235277,1.224088,0.684055,0.703021,0.383139
30252,2172,0.324338,73.844421,0.080583,41.711811,2.36152,19.646875,0.872529,0.567634,43.819862,0.875339,40011,6849,0.312291,54.903381,0.010719,15.402299,11.720328,13.656076,0.421657,0.832063,561.261292,0.935012,0.244188,1.542614,0.68606,0.756092,0.317127
26034,1644,0.327954,75.382347,0.121045,40.572769,3.223755,19.70426,0.868928,0.595404,39.330521,0.863365,34822,3639,0.312218,54.876114,0.033045,15.569213,10.842016,13.58239,0.380346,0.843904,258.045074,0.942179,0.226284,1.210604,0.676404,0.747631,0.451772
29366,1971,0.325378,75.258881,0.094991,41.983406,2.490544,20.511448,0.88277,0.574222,46.082752,0.873631,37844,4302,0.310875,52.771168,0.025696,14.081019,9.839602,12.919854,0.360484,0.854508,351.061584,0.942868,0.239793,1.407857,0.606582,0.775975,0.458159
24009,2328,0.317756,66.060333,0.05567,32.304867,3.183045,17.073616,0.786229,0.641765,60.062313,0.880733,36510,4683,0.239317,62.69257,0.020921,20.879396,13.176832,17.914669,0.494615,0.792845,367.131104,0.922045,0.195992,1.662857,0.727036,0.657601,0.497117
29552,1800,0.326062,76.733223,0.114618,43.581726,2.737606,21.317945,0.89259,0.565749,46.344898,0.867853,34771,3489,0.322581,41.475258,0.035894,8.630881,6.213066,7.49249,0.246356,0.904567,297.003448,0.9607,0.245497,1.294964,0.651837,0.849904,0.515907
25093,1605,0.325904,71.273262,0.122409,38.347691,3.741925,16.695086,0.861311,0.594213,49.202168,0.874561,30396,4194,0.315138,43.556664,0.021715,9.527604,7.848859,8.337722,0.26759,0.894465,405.666412,0.958295,0.227033,1.206767,0.855437,0.825536,0.38269
31828,2193,0.308062,75.787079,0.083165,41.143524,3.375639,22.557928,0.895172,0.589827,60.653893,0.870339,39240,4599,0.253793,47.302818,0.023314,11.042546,8.446485,9.795053,0.282226,0.88508,344.47226,0.956972,0.229832,1.471812,0.569153,0.811111,0.476843
26562,1731,0.325371,71.419174,0.111398,38.611927,2.698742,19.058405,0.873362,0.591773,31.913597,0.862577,35187,3741,0.306104,52.556328,0.031595,14.586765,9.812982,12.48579,0.38327,0.846113,283.596313,0.941106,0.228479,1.269062,0.866778,0.754881,0.46271
34229,2124,0.32111,75.405861,0.095344,42.876385,3.626784,25.873018,0.972256,0.564278,45.510426,0.8497,50766,8727,0.248798,67.737869,0.008376,24.790712,19.26022,21.970316,0.558506,0.758812,605.314758,0.912269,0.246371,1.423592,0.746826,0.67425,0.243383
26287,1599,0.328276,71.330666,0.129197,38.508923,5.065842,21.08963,0.909807,0.592413,38.312313,0.8536,30458,4359,0.312592,38.376934,0.020144,6.954465,5.834383,6.420732,0.21737,0.916624,414.31601,0.965065,0.228126,1.177467,0.846334,0.863057,0.366827
30807,1974,0.312869,63.956436,0.099349,31.72221,3.2976,18.514467,0.803178,0.636473,28.411127,0.87583,39405,4308,0.271946,44.674198,0.026681,10.635461,7.005172,8.99864,0.297465,0.882198,220.314148,0.954287,0.20041,1.25413,0.545349,0.781804,0.458217
27903,1755,0.323524,64.187729,0.113843,33.679398,1.528205,16.844158,0.793851,0.606911,22.393955,0.882675,41815,5505,0.295504,60.699295,0.017339,20.976349,12.260641,17.387203,0.511685,0.781215,260.921326,0.918659,0.218734,1.227273,0.527842,0.667296,0.318801
27895,1728,0.327187,72.223686,0.117395,38.960941,2.751925,22.469849,0.875814,0.593885,29.339746,0.863878,48488,10689,0.246457,78.481453,0.005333,35.063972,28.787067,31.982645,0.73485,0.672933,803.601563,0.886498,0.227499,1.225532,0.443106,0.575297,0.161662
31124,1854,0.320909,71.880493,0.113785,38.864799,2.675074,20.072525,0.867846,0.591904,36.043594,0.867915,45940,8430,0.25535,64.752907,0.008124,22.36727,17.616819,19.792942,0.521084,0.77841,566.987976,0.919629,0.228609,1.256098,0.582481,0.677492,0.219929
37229,2130,0.320514,75.105995,0.103117,40.612328,2.63014,23.556887,0.882795,0.593632,33.50703,0.865598,52563,8418,0.279268,60.808819,0.009321,19.528103,10.955833,15.073731,0.446978,0.807575,319.079834,0.927312,0.22755,1.31644,0.543877,0.708274,0.253029
34846,1938,0.315694,77.176292,0.116588,43.080322,3.463921,24.852438,0.929048,0.57523,52.692387,0.860655,47258,8865,0.25872,59.712032,0.007557,17.98691,15.281835,16.63723,0.405845,0.82046,633.005249,0.938289,0.239696,1.266667,0.554888,0.737357,0.218613
37223,1947,0.327112,75.451859,0.123393,45.763779,4.39901,25.840818,1.043971,0.526227,74.168304,0.840872,43476,6258,0.2974,42.554615,0.01395,9.08769,7.638641,8.167951,0.246258,0.896026,467.855988,0.960754,0.272235,1.315541,0.687668,0.856174,0.311122
21531,1512,0.327537,66.622879,0.118351,33.444866,3.445503,17.427164,0.802283,0.630081,30.427711,0.873106,26019,2655,0.297244,40.344429,0.046384,8.306517,5.29675,6.790387,0.2387,0.908277,197.606598,0.963429,0.20417,1.163077,0.842594,0.827511,0.569492
41317,2352,0.322847,74.294205,0.093856,44.32222,3.396628,26.682446,1.000756,0.537928,36.755577,0.844721,54942,6912,0.273965,56.316509,0.014451,17.284101,12.383891,15.006371,0.433073,0.819879,373.468597,0.93418,0.264327,1.486726,0.805262,0.752011,0.340278
34561,1899,0.32416,72.508453,0.120433,40.652252,2.919217,22.730177,0.923425,0.572421,34.975399,0.859053,42652,5589,0.307934,46.631134,0.017159,11.261621,8.587267,9.928315,0.302663,0.87853,354.729889,0.953845,0.241496,1.252639,0.412949,0.810302,0.339775
22721,1488,0.328975,69.364067,0.128953,35.747585,4.77071,18.014999,0.841216,0.616503,46.708344,0.862591,26698,3189,0.303918,38.443359,0.03299,7.524717,4.803386,6.161149,0.198105,0.917219,218.802765,0.968838,0.212728,1.137615,0.598154,0.851038,0.466604
29231,1857,0.320684,70.880455,0.10652,39.791515,5.047954,22.541485,0.969103,0.569997,51.721249,0.846567,35585,4944,0.314191,46.751534,0.018294,10.614884,8.557828,9.60197,0.286021,0.884833,398.363922,0.956296,0.242766,1.337896,0.835066,0.821442,0.375607
27478,1878,0.322876,69.880264,0.097905,36.894535,2.075496,17.210823,0.824275,0.602655,40.212936,0.886526,35061,3795,0.302788,47.985611,0.030592,12.166552,8.058736,9.972408,0.328598,0.870653,279.951599,0.94899,0.221301,1.331915,0.438349,0.78372,0.494862
29729,2439,0.314393,74.867348,0.062801,40.830967,2.866518,23.827652,0.878392,0.587545,36.80962,0.856638,44142,7569,0.23662,65.392441,0.009682,22.968159,17.443216,20.567215,0.545971,0.772751,561.575867,0.917803,0.230715,1.698468,0.923861,0.673486,0.322235
25877,1638,0.314702,65.1922,0.121198,33.418671,2.356237,17.648098,0.813387,0.618774,35.482315,0.882938,44936,9624,0.241164,74.483978,0.006097,31.734987,25.960335,28.305485,0.675082,0.694108,680.634521,0.894297,0.211241,1.17,0.876816,0.575863,0.170199
23233,1698,0.31022,65.949692,0.10126,34.104393,3.100731,18.161079,0.845387,0.61252,49.358566,0.875779,28181,3642,0.309409,41.01075,0.026698,8.7702,6.552839,7.55431,0.259394,0.898995,311.765533,0.95955,0.214882,1.290274,0.688925,0.824421,0.466227
30324,2031,0.295055,71.568611,0.09238,36.939545,4.344082,22.241858,0.864886,0.61614,50.181961,0.859756,39429,5499,0.238279,49.920727,0.016385,12.790733,9.911035,11.438518,0.337328,0.864201,362.671234,0.948781,0.212625,1.33971,0.448241,0.769079,0.36934
30665,1983,0.315571,72.539864,0.097996,37.779194,4.440996,23.097586,0.881058,0.611691,61.825451,0.858343,46075,10836,0.246174,66.124069,0.004931,22.939787,19.078793,20.389568,0.512314,0.774878,809.221558,0.920067,0.215501,1.313245,0.402197,0.665545,0.183001
40253,2496,0.300118,72.064316,0.081193,39.17939,2.703486,22.545166,0.870731,0.589636,33.123028,0.869765,69872,9024,0.27516,75.915291,0.010782,33.904839,22.7778,30.223728,0.731116,0.677245,372.281708,0.884559,0.230101,1.48926,0.35224,0.576096,0.276596
38346,4185,0.272183,74.563286,0.027513,39.697437,2.887065,22.865597,0.87111,0.599324,45.306221,0.857985,66731,9465,0.265949,76.555214,0.00936,33.660423,20.013758,29.006145,0.776919,0.681115,466.674072,0.875438,0.222321,2.515024,0.699542,0.574636,0.442155
39425,4293,0.275946,74.45739,0.026882,37.995342,2.592834,23.612749,0.82395,0.62253,48.98241,0.870799,70704,11622,0.250027,78.010956,0.006578,34.522625,21.826597,30.549768,0.747707,0.680717,487.831696,0.881179,0.207711,2.461583,0.317447,0.557606,0.369386
40584,2943,0.298605,70.024719,0.058882,37.977135,1.769905,20.843065,0.85791,0.58985,28.104082,0.876772,84858,8667,0.292401,84.908356,0.014196,48.652134,30.395496,42.982197,1.049954,0.549603,354.743073,0.833569,0.229524,1.749703,0.75791,0.478258,0.339564
39383,3702,0.276308,75.652527,0.036112,39.267849,1.817436,22.365438,0.823084,0.613936,38.547935,0.876012,74970,11298,0.264235,82.703804,0.007381,40.08604,28.393759,35.680584,0.864561,0.634183,617.346619,0.864175,0.213541,2.154831,0.319974,0.525317,0.327669
45677,3108,0.313634,72.552391,0.059422,40.108482,1.829766,23.142879,0.869405,0.580958,27.717981,0.871562,81701,7719,0.298418,76.119202,0.017231,35.851826,21.960489,31.037815,0.843611,0.651496,332.768555,0.869893,0.235487,1.763905,0.542267,0.559075,0.402643
22683,2481,0.262808,65.751587,0.046308,30.489393,3.414812,15.485662,0.725858,0.669469,47.353436,0.882476,52548,14523,0.261898,88.752571,0.003131,49.004948,39.937485,45.158287,0.973645,0.559058,1085.158936,0.840246,0.179001,1.742275,0.431354,0.431662,0.170832
23207,2661,0.241062,66.83255,0.041185,30.338583,3.05806,12.404186,0.694315,0.680833,51.192863,0.898467,48894,13278,0.244965,82.363533,0.003485,39.284664,30.315306,35.429317,0.852915,0.631867,907.430237,0.856746,0.172302,1.81267,0.530567,0.474639,0.200407
23203,2544,0.276641,61.640217,0.045053,28.649895,2.480489,13.428295,0.716871,0.668028,31.153625,0.888812,59325,15330,0.244103,89.814468,0.003172,55.834995,39.876156,50.824558,1.210594,0.48997,769.856445,0.795203,0.180002,1.764216,0.260172,0.391117,0.165949
21144,2559,0.271275,65.354599,0.040575,29.425343,2.553485,13.871213,0.690641,0.683755,38.045448,0.893157,39722,12264,0.24853,74.624725,0.003319,31.009462,24.395414,28.063046,0.67484,0.698975,890.551514,0.890087,0.170288,1.814894,0.397968,0.532299,0.208659
18672,2742,0.196304,56.669304,0.031208,22.629187,3.030063,11.650699,0.585145,0.735971,34.310051,0.910079,40275,11628,0.245992,74.854561,0.003743,32.532951,23.729301,28.641146,0.742164,0.682023,699.053955,0.880544,0.139565,1.872951,0.502022,0.463613,0.23581
19567,2751,0.232219,59.318588,0.03249,24.967649,1.570711,10.317465,0.603807,0.713125,34.351875,0.912362,45993,13071,0.244416,81.557816,0.003383,40.416145,28.197636,36.260426,0.955661,0.605958,834.190369,0.841953,0.152531,1.91841,0.322832,0.425434,0.210466
21976,2631,0.27255,62.785984,0.039895,28.463781,2.769707,14.394117,0.706123,0.680139,38.502441,0.893458,55950,11487,0.279405,91.213928,0.005328,54.688526,45.640789,50.392578,1.043393,0.518288,811.888611,0.833607,0.172539,1.842437,0.384019,0.392779,0.229042
28349,3534,0.251602,68.722702,0.028524,33.79266,5.791822,19.060514,0.836977,0.639126,85.395935,0.867662,51043,19677,0.227735,75.340202,0.001657,32.572075,28.469259,31.103352,0.696775,0.67508,1184.251709,0.887717,0.197366,2.331135,0.807071,0.555394,0.179601
22025,3237,0.233209,57.951553,0.026414,22.677958,0.960805,8.532045,0.516866,0.745776,23.25383,0.928042,52086,8619,0.269613,77.209976,0.008811,35.827564,20.346502,31.449732,0.84024,0.653455,377.765533,0.862051,0.133777,1.993227,0.668357,0.422858,0.375566
18973,2991,0.213444,58.711109,0.026651,22.516893,1.369946,9.812906,0.520541,0.753629,24.511503,0.922376,50023,10851,0.245644,84.007065,0.005339,42.707031,28.629244,37.527973,0.952434,0.604309,584.214722,0.846736,0.129189,1.949804,0.232775,0.379286,0.275643
19812,2850,0.26076,55.776001,0.030651,21.181271,1.365317,10.167474,0.515706,0.757473,22.571316,0.923913,47095,10506,0.258039,77.987465,0.005362,35.56213,20.540876,31.172508,0.821695,0.663506,481.299469,0.865644,0.127556,1.796973,0.244126,0.420682,0.271274
26181,3429,0.283731,63.140366,0.027981,28.628914,4.091597,13.508391,0.724519,0.679912,59.883297,0.885511,59248,15462,0.254748,83.531708,0.003114,44.655888,34.685143,42.28289,0.982562,0.573662,694.120544,0.839647,0.172314,2.195262,0.268597,0.441888,0.221769
23315,3069,0.242758,67.001114,0.031107,31.235718,2.795325,13.018562,0.724258,0.666562,58.549351,0.892838,36739,8898,0.251021,61.704605,0.005831,20.594883,15.231385,18.341871,0.519956,0.782954,596.626465,0.914184,0.180402,2.13125,0.579353,0.634612,0.344909
27668,3519,0.228499,69.146858,0.028077,32.065117,3.453768,15.867151,0.740779,0.670056,71.705193,0.885846,45870,15429,0.246022,67.055641,0.002421,24.253828,21.117586,22.063911,0.553655,0.753228,983.803589,0.911345,0.178491,2.232868,0.576117,0.603183,0.228077
25646,3462,0.237846,68.132446,0.026889,33.041634,4.274119,16.327133,0.804429,0.646608,80.35849,0.875999,49193,17085,0.236366,77.798103,0.002118,35.855774,30.92738,33.364532,0.769452,0.648568,1098.737793,0.874929,0.192636,2.361528,0.366022,0.521334,0.202634
26816,3279,0.236604,66.556694,0.031342,31.291946,3.602443,17.323223,0.764331,0.662237,67.966919,0.884147,62271,14793,0.253304,88.55201,0.003576,49.628494,36.51252,45.260555,1.020059,0.552201,857.102539,0.828644,0.183079,2.137549,0.522893,0.430634,0.221659
23826,3018,0.233054,64.508018,0.032872,29.049099,4.113414,14.921746,0.717052,0.682393,62.822525,0.886553,41269,12096,0.246857,68.411354,0.003544,25.561266,20.717581,23.764557,0.585035,0.742772,740.292969,0.906808,0.170928,2.02008,0.637547,0.577334,0.249504
24256,3630,0.224561,67.449158,0.023132,29.409744,3.673024,12.613924,0.682852,0.698676,63.940414,0.899081,47864,16227,0.230979,77.888969,0.002284,33.885342,27.993876,31.79261,0.73725,0.675274,930.479675,0.88235,0.161123,2.338917,0.287183,0.506769,0.223701
27795,3390,0.234255,68.080467,0.030393,33.483517,4.677126,17.26462,0.824233,0.639253,82.676804,0.870496,43388,11316,0.241314,64.687439,0.004258,22.368954,17.192694,20.235847,0.533953,0.769314,702.616089,0.910937,0.197315,2.245033,0.368309,0.640615,0.299576
24389,2706,0.265537,71.064316,0.041855,33.570179,3.168073,15.523383,0.749672,0.661149,57.602943,0.882923,63862,12741,0.269259,97.247444,0.004944,62.388905,46.350494,57.451839,1.215294,0.47407,869.915161,0.792795,0.183785,1.840816,0.270556,0.381902,0.212385
22950,3171,0.221041,66.232239,0.028681,29.502764,3.498841,12.410732,0.68666,0.68913,47.91291,0.888937,44553,11520,0.237795,75.207863,0.004219,31.829748,24.201654,28.671898,0.7379,0.688098,787.283325,0.87683,0.166743,2.136792,0.911579,0.515117,0.27526
27322,2763,0.28432,67.684166,0.044974,34.562588,5.419954,15.103942,0.861922,0.621422,58.924931,0.869906,40787,8901,0.273913,59.671307,0.006469,19.643061,15.742855,17.916334,0.50451,0.786028,569.547485,0.920476,0.209124,1.905517,0.507889,0.66987,0.310415
23132,2043,0.287636,68.663589,0.069644,34.315086,3.74028,15.294703,0.803629,0.632891,56.131538,0.882358,38340,10260,0.241401,69.89592,0.004577,26.898277,21.690901,24.614004,0.595932,0.729588,793.666321,0.902905,0.202203,1.489067,0.215224,0.603339,0.199123
20943,3063,0.235638,66.796432,0.028051,29.840126,3.073103,14.505951,0.70111,0.686906,58.698574,0.892357,33687,7725,0.256499,62.852409,0.007094,21.017881,12.344119,18.361919,0.513287,0.787656,458.661011,0.913795,0.168075,2.169263,0.535765,0.621694,0.396505
22096,2691,0.236121,65.137154,0.038344,28.934204,2.179459,14.474937,0.675486,0.690048,43.292648,0.896974,44599,11409,0.241411,78.287521,0.004306,34.409855,23.867489,31.273052,0.809588,0.668132,728.486633,0.866112,0.166401,1.845679,0.715366,0.495437,0.235866
22352,2754,0.260285,66.843567,0.037034,29.9907,3.87099,13.864212,0.712435,0.684476,70.183266,0.888846,46956,10920,0.255064,82.191437,0.004948,38.783489,29.213783,35.773582,0.830101,0.640504,751.908997,0.862184,0.169835,1.883721,0.240286,0.47602,0.252198
19846,2445,0.27603,63.834774,0.041718,28.310709,2.775602,12.367537,0.673426,0.690973,44.162243,0.893787,43757,10395,0.250997,83.827049,0.005089,41.063728,29.385969,37.823269,0.889551,0.6192,738.947876,0.849811,0.166048,1.766618,0.440599,0.45355,0.235209
22687,2628,0.265839,60.200447,0.04128,24.208052,1.244647,11.31974,0.553261,0.735428,26.510443,0.923263,56130,9720,0.268583,82.905128,0.007466,41.885693,24.884766,37.734436,0.898072,0.61503,409.647034,0.852001,0.14039,1.634328,0.220186,0.404187,0.27037
31251,3684,0.255281,70.26358,0.028936,35.307823,2.600624,17.327463,0.779165,0.630501,41.389126,0.883507,55069,10824,0.251395,71.897461,0.005907,29.859547,21.425005,27.029215,0.73437,0.697027,532.704956,0.88478,0.202975,2.343511,0.523795,0.567488,0.340355
25240,3210,0.234166,68.008659,0.030781,32.327606,3.295029,15.065617,0.757123,0.656748,86.274574,0.888592,53727,11970,0.271571,84.386215,0.004712,42.844265,33.307571,39.698784,0.907465,0.602028,851.907837,0.848824,0.186317,2.157258,0.247482,0.469782,0.26817
21873,3027,0.218117,60.366074,0.029998,25.192888,2.899241,12.850533,0.633722,0.717206,47.906784,0.901209,40165,10281,0.255001,67.99334,0.004775,25.327698,17.298784,22.882732,0.599713,0.745832,541.511841,0.901995,0.150396,1.978431,0.287327,0.544579,0.294427
23479,3330,0.228027,64.120354,0.026607,27.217018,2.845975,11.877734,0.643233,0.710745,49.543156,0.902873,54963,13662,0.248586,83.35762,0.0037,41.84219,27.812641,37.367188,0.922912,0.609712,662.233459,0.84433,0.154065,2.129156,0.615897,0.427178,0.243742
25690,2895,0.26938,62.067535,0.038519,28.989307,3.587032,13.852118,0.746262,0.665214,47.512455,0.884694,39910,10356,0.252723,59.303616,0.004676,19.239838,13.423279,16.853891,0.505755,0.789211,528.313965,0.916127,0.181539,1.922311,0.256413,0.643698,0.279548
24107,2736,0.25187,66.545624,0.040469,31.189573,2.952856,14.145864,0.724635,0.664976,45.242245,0.888809,48351,17361,0.243151,80.238991,0.002016,37.638756,31.337595,34.023941,0.807967,0.637765,1223.667969,0.868215,0.181957,1.879121,0.526025,0.498583,0.157595
26712,2970,0.273616,63.339817,0.038054,30.241322,4.179398,14.78274,0.783609,0.65333,64.255348,0.878603,47995,14385,0.24517,71.138199,0.002915,29.294809,22.147493,26.333872,0.697066,0.696923,794.229858,0.88331,0.188761,1.972112,0.261334,0.556558,0.206465
24411,2757,0.253426,66.946259,0.040357,31.616596,3.145229,14.436503,0.736723,0.661229,50.204311,0.886878,49583,18075,0.239209,81.505653,0.001907,39.133713,32.836784,35.686657,0.824437,0.625762,1266.640869,0.8651,0.184252,1.893544,0.527859,0.492326,0.152531
26177,2718,0.25886,66.545624,0.044528,32.240589,3.6497,13.976667,0.78406,0.647207,59.878891,0.881961,56386,13971,0.251023,84.369957,0.00363,44.376053,36.445724,41.433643,0.932903,0.581319,920.713318,0.847111,0.192489,1.841463,0.83237,0.464246,0.194546
20912,3420,0.236422,62.159416,0.022467,25.762545,2.365566,12.914393,0.612021,0.720839,40.060776,0.905657,40651,11415,0.233076,70.910316,0.00392,28.227613,19.196716,25.228937,0.679509,0.719494,631.664124,0.88864,0.14795,2.267905,0.271423,0.514428,0.299606
24504,3717,0.252309,62.146618,0.022288,29.293966,2.884733,14.932908,0.740289,0.658825,50.814472,0.881306,59420,15714,0.259161,88.0616,0.003024,51.825134,40.461872,46.513424,1.111073,0.516734,1011.855042,0.815172,0.184163,2.538934,0.533258,0.412386,0.236541
26224,2850,0.215251,63.416462,0.040571,26.489515,2.539975,13.564013,0.630569,0.718828,39.140957,0.904575,56245,15840,0.255434,79.865669,0.002817,36.108444,28.400755,32.470192,0.773532,0.664907,845.695496,0.871372,0.149843,1.702509,0.162511,0.466246,0.179924
22026,2907,0.237744,63.535629,0.032753,28.395172,3.209626,11.591803,0.688049,0.687009,44.785187,0.898394,48140,13620,0.2475,80.316933,0.003261,39.433147,32.139786,36.235462,0.873539,0.616725,888.581482,0.861734,0.168266,2.004827,0.521317,0.457541,0.213436
21121,2928,0.217704,59.00692,0.030959,23.947989,2.019092,10.931328,0.58874,0.730117,32.006035,0.915278,37696,10071,0.241376,62.914154,0.00467,21.879553,15.334072,18.904993,0.567321,0.769002,556.012512,0.907916,0.143096,1.901299,0.54409,0.560298,0.290736
21875,2799,0.272973,67.291328,0.035087,31.481197,4.609063,16.074364,0.767934,0.66413,86.858322,0.877564,45073,13437,0.257915,82.697876,0.003137,39.986172,32.458649,36.942936,0.836776,0.626159,1024.576416,0.860214,0.181674,2.016571,0.300174,0.485324,0.208305
32985,4383,0.237207,73.798981,0.021577,37.872993,5.004489,19.634275,0.871517,0.617315,122.192474,0.866726,53700,12057,0.239683,69.978737,0.004642,26.623173,20.214466,25.105547,0.613615,0.73001,764.85437,0.897044,0.210347,2.767045,0.173445,0.614246,0.363523
22161,2970,0.228827,65.638336,0.031571,30.217821,4.993705,16.513674,0.75923,0.671096,85.211052,0.88143,41355,11820,0.236065,75.894798,0.00372,32.184433,25.242046,29.102957,0.681716,0.691327,889.30896,0.887367,0.177474,2.091549,0.378061,0.535872,0.251269
24785,3363,0.230979,66.701645,0.027539,30.205336,2.417701,14.729338,0.701048,0.68066,51.885967,0.89221,56210,14082,0.249613,86.247719,0.003562,45.083633,30.931458,40.620243,0.96645,0.58948,785.691284,0.834804,0.171807,2.206693,0.521192,0.440936,0.238816
18675,2283,0.252075,58.574306,0.045026,22.370583,2.187087,9.311948,0.542063,0.755886,35.06953,0.919656,46662,6717,0.286995,81.802559,0.012996,39.368698,25.271292,35.452587,0.858021,0.639835,389.989685,0.862488,0.128295,1.49411,0.320576,0.400219,0.339884
22298,3516,0.221765,62.362675,0.022666,26.067184,1.402717,10.908957,0.591111,0.717415,29.692822,0.914169,58082,11931,0.264664,86.71785,0.005127,48.240509,30.15476,42.408733,1.065983,0.558136,551.492981,0.822549,0.15041,2.271318,0.583672,0.383906,0.294694
17431,2748,0.259842,59.628994,0.029007,23.898355,1.377255,10.116549,0.556718,0.734519,24.018463,0.914502,38960,10332,0.244773,78.049263,0.004586,35.035801,23.345915,30.738131,0.823902,0.662983,698.745667,0.86346,0.139896,1.946176,0.510947,0.447408,0.26597