23930,5556,0.268277,84.31543,0.009742,47.817646,6.894369,30.902294,1.003175,0.559894,128.917374,0.824181,73181,6342,0.302598,96.439331,0.022864,96.365471,53.908985,75.671036,2.010711,0.233183,592.663208,0.64653,0.243756,4.430622,0.744345,0.326997,0.876064
23278,5838,0.219581,83.887337,0.008583,42.048569,8.898971,30.906883,0.871889,0.627268,172.627258,0.851399,79269,8583,0.291188,103.009926,0.013522,99.381287,62.931839,88.022827,1.92754,0.250925,795.730713,0.656712,0.201092,4.286344,0.173861,0.293658,0.680182
38495,8274,0.240528,92.188461,0.007066,64.857735,11.907287,39.393494,1.346283,0.433483,182.306152,0.762233,78685,8757,0.309995,95.167305,0.012894,69.169739,41.954845,53.484371,1.479031,0.405213,723.884094,0.752608,0.332031,6.07489,0.744067,0.489229,0.944844
28434,1836,0.325861,79.725471,0.105999,68.054108,9.368973,41.976158,1.504226,0.328487,51.901272,0.734853,39320,3954,0.315375,64.333458,0.031605,28.23365,19.920328,18.983589,0.723518,0.685561,343.854218,0.88598,0.422647,1.765385,0.648146,0.723143,0.46434
31453,4275,0.286763,90.088646,0.021627,76.939552,24.491804,59.310955,1.481703,0.324493,179.107437,0.743347,46620,3411,0.313319,76.165222,0.050352,38.463505,23.582672,31.971916,0.884245,0.614337,494.749969,0.852941,0.422228,3.914835,0.772616,0.674668,1.253298
29612,1722,0.328147,98.756943,0.125491,90.834335,10.54216,63.255085,1.70626,0.287737,95.840149,0.689043,43983,3417,0.319969,87.758499,0.047337,46.942806,36.911526,36.850426,0.932533,0.589569,502.816132,0.850116,0.458987,1.694882,0.636285,0.67326,0.503951
26584,1620,0.328941,86.885246,0.127292,78.955666,4.219263,45.208504,1.431476,0.29472,71.470909,0.764256,35402,3855,0.3117,68.39888,0.029936,28.691792,22.758892,22.674362,0.679744,0.703968,509.346924,0.890644,0.453327,1.663244,0.834568,0.750918,0.420233
28749,1689,0.328354,91.918251,0.126641,96.317657,6.203382,59.183769,1.726816,0.221943,94.522415,0.688318,39225,3972,0.303315,78.902946,0.031243,38.324623,30.151365,30.227978,0.842455,0.637242,592.507263,0.864347,0.52454,1.80064,0.670302,0.732925,0.425227
27017,1800,0.323631,95.429131,0.104786,64.778809,9.818871,47.422829,1.25798,0.463853,67.933006,0.783625,52224,14454,0.259264,93.912392,0.003141,60.110317,52.42207,56.017197,1.128011,0.472917,1334.165405,0.8347,0.315855,1.538462,0.479291,0.517329,0.124533
28107,1950,0.31938,98.084442,0.092887,69.444984,8.845654,48.091572,1.315702,0.437777,96.652687,0.773277,55749,10554,0.256547,97.910934,0.006289,68.116508,57.165112,60.725174,1.288011,0.428217,1137.958496,0.807899,0.334352,1.681034,0.632244,0.50417,0.184764
33636,2667,0.309698,103.855576,0.059425,87.826088,17.92911,67.693863,1.63159,0.333323,132.303482,0.708771,60809,10089,0.284463,96.493294,0.007507,68.123596,56.815289,64.888824,1.240743,0.419984,1031.167358,0.809464,0.41745,2.347711,0.656005,0.553142,0.264347
23958,1506,0.328345,104.435432,0.132743,89.631302,13.161088,62.049164,1.64206,0.325386,110.717186,0.699737,41990,3813,0.312607,103.550072,0.036293,70.931137,56.96167,56.944969,1.271936,0.447627,753.675964,0.794782,0.424757,1.585263,0.698732,0.570564,0.394965
25800,1587,0.328847,101.068718,0.128729,88.758575,8.127505,58.507011,1.575862,0.313004,96.366714,0.722967,40424,6069,0.301352,92.005295,0.013792,52.622299,43.983696,44.157211,1.036423,0.543789,1057.578125,0.830191,0.435943,1.629363,0.714721,0.638235,0.261493
29522,1764,0.327531,90.963867,0.119223,89.291138,7.402643,55.25988,1.706841,0.25289,100.072113,0.685377,44873,4452,0.308266,87.621902,0.02845,50.938118,42.543354,41.554871,1.105179,0.535554,739.059631,0.822581,0.491902,1.8,0.660341,0.657901,0.396226
25112,1563,0.328958,89.885086,0.129173,77.972183,5.912656,46.04739,1.493919,0.319235,81.707779,0.732998,39326,4557,0.319186,88.845261,0.023798,49.851109,42.747448,40.998543,1.035796,0.553717,820.462769,0.836037,0.430413,1.61134,0.796685,0.63856,0.342989
26624,1623,0.328205,95.204941,0.127012,85.815369,15.143448,59.611031,1.675268,0.29825,94.909111,0.698631,42682,5613,0.312332,91.845055,0.017024,55.635048,46.838303,46.882374,1.117792,0.512776,852.441772,0.823504,0.449047,1.666324,0.664498,0.623776,0.28915
34000,3045,0.30493,99.619545,0.04608,92.68705,23.82029,72.994522,1.7325,0.279861,152.535736,0.684242,58191,8964,0.301828,91.813667,0.0091,63.461159,51.585735,60.316792,1.301385,0.428152,938.755432,0.79559,0.464684,2.814233,0.695669,0.584283,0.339692
22019,1491,0.32803,100.06414,0.124466,86.369896,6.635989,52.406872,1.521171,0.322056,102.763741,0.74362,35359,4071,0.319499,93.697052,0.026811,55.291592,44.164448,44.752083,1.071766,0.530155,815.222473,0.830222,0.427612,1.642071,0.733968,0.622727,0.366249
34252,2337,0.319867,88.330765,0.078809,48.064171,10.904213,35.8997,0.95257,0.591182,64.854393,0.843679,86113,16695,0.227084,100.699028,0.003882,73.077072,62.263783,64.993988,1.284936,0.409838,961.442932,0.816907,0.228713,1.50969,0.904397,0.397756,0.139982
28241,1719,0.327125,100.262512,0.120099,95.469116,15.511537,68.909477,1.789214,0.268879,118.645195,0.672266,47018,6243,0.305647,101.110138,0.01516,68.391014,60.192932,59.177483,1.257306,0.446771,1101.458984,0.810245,0.47632,1.764887,0.680572,0.600642,0.275348
28320,1956,0.325405,93.370377,0.093018,69.53653,10.322399,48.616135,1.395621,0.407532,91.652,0.757647,59398,13020,0.275369,101.215904,0.004403,80.550995,72.071503,73.312729,1.486122,0.345492,1461.208008,0.776891,0.357576,1.734043,0.884227,0.476784,0.15023
27609,1860,0.326811,101.329338,0.100285,92.335251,13.238364,64.681778,1.711846,0.291942,119.915253,0.703308,46747,6705,0.307915,99.098221,0.013067,66.865189,58.476959,58.003853,1.242156,0.448798,1068.380615,0.812031,0.454394,1.88641,0.658217,0.590605,0.277405
29966,4476,0.281062,96.256569,0.018796,66.014824,18.486338,52.065918,1.2577,0.45378,175.906418,0.783317,79954,14307,0.29246,103.996666,0.004909,110.337791,94.953644,102.562622,1.876031,0.20229,1238.637207,0.725301,0.320242,3.644951,0.313122,0.37479,0.312854
43568,5352,0.252077,86.580696,0.019114,56.077858,18.30336,41.249119,1.155641,0.48922,124.20916,0.811435,93532,13608,0.27282,91.062492,0.006347,64.93634,55.184837,53.780914,1.323973,0.417669,730.120544,0.805376,0.295916,3.484375,0.254355,0.465808,0.393298
38863,2673,0.307324,98.796303,0.068352,66.359245,13.348167,49.058022,1.277091,0.4702,101.806023,0.78536,75604,6483,0.282719,100.660583,0.022605,64.942177,50.422844,55.958031,1.110099,0.487291,524.890015,0.833685,0.311283,1.871849,0.430861,0.514034,0.412309
38987,2523,0.319469,87.202721,0.076965,55.020779,7.023606,36.578289,1.133603,0.506895,70.521622,0.813963,105818,14919,0.278793,101.629791,0.005974,98.727173,90.897186,86.111282,1.683571,0.248699,920.82959,0.753378,0.285368,1.695565,0.428188,0.368434,0.169113
40122,2532,0.320535,84.840591,0.078644,51.636654,8.290914,36.075111,1.106287,0.527981,64.783638,0.815531,111587,17988,0.281736,101.795769,0.004334,97.485847,89.843048,86.615723,1.664691,0.254912,989.284668,0.759469,0.271014,1.631443,0.426241,0.359558,0.140761
22552,3060,0.218864,74.611137,0.030266,39.592113,4.049634,20.703733,0.875685,0.601861,65.994225,0.862809,73673,10584,0.294856,93.608978,0.008265,93.208191,81.580498,80.426682,1.731006,0.237214,763.175354,0.726178,0.220254,2.390625,0.474262,0.306109,0.289116
29330,3666,0.265822,80.769814,0.027424,46.147453,8.719739,29.309706,1.024709,0.561404,93.771561,0.829307,90976,17472,0.272847,93.301292,0.003745,96.182159,83.67334,87.456764,1.776086,0.216397,979.506592,0.719929,0.246612,2.648844,0.56053,0.322393,0.209821
21910,3033,0.264892,83.239861,0.02993,49.595413,8.026588,27.488966,1.082528,0.537064,96.077179,0.820548,55690,13485,0.272365,95.623146,0.003848,78.644707,70.030342,70.345406,1.464725,0.330713,1236.593628,0.772616,0.262644,2.623703,0.107309,0.393428,0.224917
19228,2445,0.258556,76.885735,0.040419,41.136845,5.712162,22.483946,0.928331,0.597428,79.663887,0.849909,56900,9348,0.298542,97.681343,0.008182,85.932877,76.936699,76.790245,1.493407,0.298545,992.537903,0.760976,0.223213,2.082623,0.507429,0.337926,0.261553
22121,2883,0.258408,78.3563,0.033445,41.426746,6.481213,25.14579,0.91651,0.604616,80.162895,0.854319,81034,14670,0.271796,96.98278,0.004732,114.121452,101.404877,104.937103,1.929349,0.161978,1030.695068,0.708616,0.219018,2.217692,0.600394,0.272984,0.196524
26487,3867,0.239749,84.11882,0.022258,44.6329,11.917873,30.440208,0.923869,0.602153,110.975708,0.851164,74106,12033,0.281662,101.315567,0.006432,81.829948,71.147606,73.630814,1.433754,0.348775,960.5896,0.79008,0.219992,2.786023,0.557013,0.35742,0.321366
19188,2529,0.240732,77.961159,0.0377,44.686337,8.682354,24.546183,1.025289,0.55858,89.213493,0.828484,52028,11748,0.238962,93.229179,0.004737,79.465614,69.567055,73.05825,1.550949,0.309681,1157.773804,0.751197,0.248157,2.270197,0.450758,0.368801,0.215271
22442,2946,0.240188,81.555183,0.032494,44.24752,7.073155,24.863247,0.962531,0.589436,99.496513,0.839858,62370,15438,0.254116,99.434937,0.003289,81.889183,73.92025,73.685837,1.472286,0.330791,1336.457764,0.775511,0.227958,2.341812,0.618716,0.35982,0.190828
22655,2838,0.244011,83.088913,0.035347,47.064236,8.252581,30.216307,1.029492,0.56532,111.102463,0.829347,70071,9624,0.286536,101.744164,0.009507,102.998299,92.445496,95.357071,1.728777,0.227494,892.907166,0.735804,0.24356,2.32623,0.574982,0.323315,0.294888
22398,2535,0.244707,86.338211,0.043799,48.005188,9.634992,29.833981,1.008094,0.576563,102.577904,0.829913,64294,12258,0.269998,106.220848,0.005377,94.40332,87.434723,86.637993,1.540202,0.292492,1308.79541,0.772417,0.236668,2.05763,0.167284,0.348368,0.206804
19954,2277,0.257854,80.940819,0.048363,41.560036,6.330818,25.52009,0.896541,0.619902,88.807648,0.849218,87654,9018,0.310209,94.881187,0.013544,147.250519,131.97403,140.739227,2.188817,0.080107,769.181458,0.654364,0.209109,1.83629,0.509115,0.227645,0.252495
20968,2271,0.25602,80.35704,0.05109,43.830643,3.162853,23.408291,0.898486,0.587352,83.393097,0.861164,68858,7308,0.291944,101.59581,0.016202,106.148705,93.542427,100.45546,1.777537,0.215751,715.036987,0.724489,0.229993,1.879967,0.356966,0.304511,0.310755
24971,3015,0.268549,82.778618,0.03452,50.642338,3.94909,25.02026,1.028663,0.521926,103.162598,0.845336,74025,5796,0.311588,99.928909,0.027691,106.970932,84.832054,94.274986,1.945172,0.206522,521.629395,0.683212,0.273158,2.491735,0.331072,0.337332,0.520186
20775,2478,0.280467,83.934021,0.042516,49.092529,6.7344,25.828026,1.050581,0.54716,104.245461,0.829023,54616,8847,0.269409,100.148781,0.008769,83.553917,72.869942,79.455276,1.563181,0.324554,970.383667,0.751891,0.255799,2.173684,0.36395,0.380383,0.280095
22987,2310,0.281341,66.289902,0.054134,31.605974,2.353078,16.518801,0.730059,0.657718,56.367821,0.895563,81166,7668,0.282424,96.738014,0.017347,90.747276,71.219727,81.997841,1.743939,0.270493,517.458679,0.721113,0.186318,1.640625,0.2393,0.28321,0.301252
22998,2244,0.280898,73.112198,0.057392,40.220516,4.37231,18.661236,0.912835,0.58235,70.065475,0.863857,71969,5970,0.302831,97.077431,0.025375,95.674904,73.850197,86.923851,1.825962,0.245322,452.106323,0.70264,0.233492,1.780952,0.234363,0.319554,0.375879
22549,2937,0.261156,81.403465,0.03285,47.828423,4.97682,23.534107,1.034109,0.543963,106.02179,0.828117,66399,8613,0.308513,100.108055,0.011248,99.424721,81.46035,90.764793,1.874688,0.235417,825.397705,0.678242,0.2576,2.480574,0.286926,0.339598,0.340996
25406,3084,0.267336,77.177391,0.033567,45.350559,5.457187,25.077347,1.039063,0.544485,95.708878,0.835111,77688,7053,0.303979,97.629189,0.019625,102.988365,81.171486,90.934097,1.937973,0.211877,537.575928,0.690649,0.257751,2.45151,0.354254,0.327026,0.437261
21680,2298,0.256638,79.428291,0.05159,44.434044,5.192567,23.75561,0.975317,0.572965,85.464432,0.846624,67700,6075,0.308246,101.319283,0.023052,101.752594,88.013908,96.398796,1.734189,0.232413,642.073486,0.732206,0.239302,1.908638,0.350158,0.320236,0.378272
21448,2793,0.302387,84.243446,0.034551,46.79332,5.012423,26.156988,0.978857,0.575955,117.165764,0.841075,78314,7224,0.294462,101.681908,0.018858,131.159607,114.96476,122.508606,2.017486,0.133011,698.303894,0.668406,0.23642,2.304456,0.347245,0.273872,0.386628
21490,2802,0.232131,80.780998,0.034396,49.641312,6.427789,27.318659,1.118926,0.517763,96.541687,0.803993,51655,9798,0.272645,94.383446,0.006762,74.113121,58.933025,68.014618,1.552464,0.355797,966.202637,0.73206,0.275097,2.506261,0.602053,0.416029,0.285977