26060,2193,0.305331,76.081718,0.068094,50.736168,5.957833,32.056145,1.201833,0.469418,70.036995,0.794822,41468,5607,0.280777,75.923271,0.016575,35.853661,23.930405,32.005768,0.823272,0.648028,526.111938,0.866416,0.310504,1.887263,0.593578,0.628436,0.391118
22909,4164,0.268535,70.875725,0.016603,42.167908,2.41376,21.593788,0.985319,0.533113,54.294086,0.836351,29019,12819,0.16454,80.107643,0.002219,50.682232,30.608906,46.866302,1.283482,0.479111,583.484558,0.778475,0.263177,3.522843,0.198391,0.789448,0.32483
20187,4179,0.279571,62.071461,0.014526,34.057533,5.674437,18.287262,0.935149,0.575631,60.200039,0.842671,18851,13656,0.150803,71.468987,0.00127,37.089371,23.638336,35.670696,0.954296,0.583617,664.842896,0.838094,0.235156,3.5657,0.319094,1.070872,0.306019
25132,3330,0.293952,69.36338,0.028481,39.844318,3.790844,18.993849,0.967257,0.555156,48.657967,0.83834,31447,16728,0.141178,81.482086,0.001412,52.319706,35.535995,49.21027,1.304564,0.464025,740.437378,0.777069,0.250119,2.626183,0.45016,0.799186,0.199067
27492,2907,0.30042,65.000725,0.040881,40.920139,1.303283,17.562815,0.957568,0.501057,29.291948,0.856489,24786,14604,0.133789,69.257339,0.00146,37.080528,21.846762,34.866234,1.047081,0.561178,459.165863,0.82346,0.28782,2.348142,0.495739,1.109174,0.199055
25763,2850,0.28124,63.426914,0.039858,38.099281,9.17004E-07,15.878931,0.891706,0.52863,19.672722,0.874117,20219,15438,0.111427,65.003723,0.001066,32.230877,18.41749,30.837872,0.92573,0.601679,470.743744,0.845069,0.269096,2.298387,0.25,1.274198,0.184609
27363,2259,0.299196,69.88311,0.067382,44.500797,1.827466,20.20352,1.001656,0.496914,34.303707,0.849216,17141,12543,0.098335,68.17823,0.001369,31.033777,18.050995,29.646126,0.811119,0.650663,528.616394,0.862525,0.291369,1.842577,0.393793,1.596348,0.1801
19046,1374,0.3291,70.910774,0.126777,55.132591,2.166212,21.297581,1.193872,0.376875,23.471354,0.789906,23244,2142,0.323642,49.740494,0.063662,15.014122,7.821452,10.841812,0.450677,0.822859,241.848007,0.923786,0.382051,1.533482,0.93608,0.819394,0.641457
21363,1533,0.323182,75.397118,0.114232,73.498024,11.800278,32.630894,1.781938,0.250077,95.549179,0.691047,25998,2043,0.323117,57.244797,0.078273,19.646511,13.591646,15.272451,0.517213,0.780629,344.459656,0.913026,0.494342,1.842548,0.698411,0.821717,0.750367
36437,1935,0.327456,75.71489,0.12229,70.177597,2.133484,35.571857,1.457636,0.281206,43.989479,0.765458,40626,3468,0.322705,39.305267,0.042448,9.331413,5.210462,7.324974,0.296725,0.879675,246.503815,0.948986,0.466459,1.730769,0.7158,0.896889,0.557958
32741,2121,0.326639,72.633736,0.091458,48.562263,3.054328,23.950035,1.097514,0.466365,68.970245,0.845657,37307,4323,0.306516,38.333412,0.025086,8.254954,5.399068,6.711227,0.24475,0.897791,277.012787,0.958669,0.313933,1.641641,0.467304,0.87761,0.490632
19574,1476,0.326005,81.916016,0.112906,76.927223,16.627304,27.298229,1.767155,0.272696,111.671715,0.697486,22335,1494,0.326822,45.409744,0.125746,12.098277,8.837836,7.669936,0.351922,0.855073,319.038055,0.939593,0.471719,1.808824,0.803718,0.876382,0.987952
18114,1527,0.322371,69.679527,0.097622,39.985538,6.005378,18.700274,1.008867,0.55698,45.229301,0.832245,25302,2541,0.302608,57.737236,0.049244,19.130405,11.542676,13.773584,0.475796,0.799284,223.389847,0.924812,0.250415,1.419145,0.478312,0.715912,0.600945
20462,1479,0.326785,80.812172,0.11755,74.387589,11.083356,28.908503,1.635543,0.28341,104.846916,0.730346,25149,2826,0.314807,58.495502,0.039572,20.100973,14.904862,15.428675,0.508677,0.781074,438.167847,0.917111,0.462732,1.756532,0.740319,0.813631,0.523355
28228,1662,0.328814,88.346222,0.128419,98.19944,11.158435,51.963448,1.907901,0.192725,147.275192,0.68305,29558,1713,0.328368,30.443136,0.126581,4.988243,3.487396,4.053882,0.155949,0.932567,341.495209,0.969701,0.55591,1.842572,0.879284,0.955004,0.970228
24416,1632,0.323579,92.832214,0.115198,88.541245,20.401951,62.810032,1.896975,0.266155,189.68367,0.667529,26468,2859,0.306428,39.712284,0.040691,8.079782,6.607961,7.001704,0.222287,0.900584,609.300354,0.960522,0.478267,1.80531,0.601343,0.922472,0.570829
35395,1935,0.32522,85.111008,0.118793,78.930908,4.97263,36.444641,1.529217,0.282262,67.967514,0.760432,42706,4179,0.309316,57.704708,0.030729,18.792746,12.706387,13.989635,0.466043,0.800472,368.563721,0.924447,0.465528,1.752717,0.621947,0.828806,0.463029
23937,1554,0.328624,69.094818,0.12456,50.722122,3.120654,19.384974,1.170405,0.410228,51.05328,0.818406,29129,4548,0.310859,45.682209,0.017697,12.946758,9.779471,10.988926,0.407578,0.832163,416.59967,0.932998,0.35629,1.49711,0.938818,0.821758,0.341689
30381,1755,0.329483,70.340607,0.123953,45.493549,2.082461,23.227617,1.029104,0.488645,42.097462,0.857046,35855,4395,0.307723,42.56675,0.023326,10.103995,6.768559,7.937638,0.273693,0.882545,254.107147,0.956959,0.298599,1.375392,0.731242,0.847329,0.399317
17544,1353,0.326266,74.38266,0.120432,63.807297,10.647329,25.302763,1.584522,0.316318,80.923981,0.72555,20363,1545,0.320369,44.938049,0.1072,12.223446,8.33454,9.641492,0.362676,0.850586,291.090088,0.938951,0.432161,1.67866,0.67277,0.861563,0.875728
24180,1611,0.328243,83.95694,0.117078,83.337761,8.363063,42.305962,1.739137,0.244463,101.440613,0.697644,28626,3063,0.317908,56.301086,0.038342,17.845291,13.25693,14.168508,0.476514,0.802446,571.317688,0.919228,0.500248,1.830682,0.681084,0.844687,0.525955
17391,1341,0.326868,73.26767,0.121528,62.011311,10.450624,25.239731,1.574342,0.32386,79.339043,0.721122,20538,1638,0.320191,48.249847,0.096192,13.916035,10.256474,11.744137,0.405016,0.834758,292.343903,0.933581,0.425728,1.655556,0.684842,0.846772,0.818681
32708,1800,0.327024,88.662865,0.126858,97.098976,20.446136,68.585159,2.067081,0.200347,141.543655,0.628431,36245,3519,0.30292,44.815304,0.036781,11.4773,9.047039,9.995634,0.311353,0.861276,468.489105,0.947258,0.54714,1.840491,0.842134,0.902414,0.511509
22730,1656,0.325053,75.26577,0.104157,48.13752,2.423598,24.294313,1.067186,0.494792,29.286631,0.822267,35495,6489,0.287253,74.239174,0.010593,32.835709,23.751911,26.596512,0.75921,0.676838,639.621399,0.878988,0.293396,1.486535,0.805964,0.640372,0.255201
17228,2343,0.319037,64.092911,0.039437,59.329483,4.840677,21.847057,1.518084,0.268003,43.46199,0.710484,22140,1542,0.325756,55.963768,0.117009,21.924725,10.557316,14.561221,0.666868,0.727392,216.72731,0.88733,0.473817,3.066754,0.801536,0.778139,1519455
30999,1809,0.327834,74.187538,0.119037,64.53196,1.965698,36.228546,1.375969,0.315086,40.529736,0.792771,34053,2232,0.326685,34.782692,0.085897,7.261656,3.573375,5.865853,0.24445,0.902534,177.457916,0.957453,0.435074,1.690654,0.623732,0.910316,0.810484
28686,1836,0.317021,76.786377,0.106939,55.772579,2.672472,25.121065,1.174108,0.421123,36.773525,0.812727,34509,3387,0.276176,47.502853,0.037802,13.032489,8.097478,9.685533,0.375559,0.849773,258.301422,0.93953,0.347878,1.59375,0.424392,0.831261,0.542073
36829,2085,0.318717,70.596626,0.10646,41.023201,3.333165,21.449862,0.992451,0.55198,30.338446,0.834582,53384,11364,0.281014,64.568764,0.005195,23.180838,17.330374,19.381294,0.530261,0.764467,599.048584,0.917067,0.255048,1.338254,0.508115,0.689888,0.183474
35996,2457,0.316245,70.526039,0.07493,44.175068,5.141737,23.43338,1.10945,0.507508,37.082607,0.812328,45052,6588,0.303423,49.406883,0.013044,13.665107,9.501575,11.393288,0.371841,0.846682,380.585297,0.943322,0.284977,1.675989,0.504799,0.798988,0.372951
21006,1440,0.325947,79.900963,0.1273,72.637123,8.443093,34.763355,1.650718,0.288462,80.614601,0.702203,30381,7545,0.279751,83.420494,0.006706,39.360283,39.126099,35.689716,0.8564,0.598962,1608.868286,0.864465,0.457647,1.678322,0.801064,0.691419,0.190855
32554,1851,0.327845,83.534355,0.119399,69.174911,11.372099,46.22546,1.59386,0.344577,94.384583,0.721131,43615,7152,0.286763,66.093987,0.010715,26.367979,22.944351,22.041368,0.64326,0.717813,751.054443,0.897795,0.408847,1.638053,0.517916,0.746395,0.258809
19740,1407,0.327608,72.244942,0.125305,70.801971,17.670279,32.925674,1.781648,0.246595,85.931313,0.671751,24775,1851,0.321398,58.462727,0.090868,22.160349,16.936083,17.983213,0.615921,0.746029,390.330505,0.895885,0.49753,1.75875,0.759955,0.796771,0.76013
18511,1383,0.328052,73.730377,0.121617,75.131973,13.887458,32.763355,1.854821,0.22537,97.67952,0.655336,23681,1707,0.324976,64.084969,0.102128,26.179115,20.725365,20.288465,0.698251,0.713422,435.211395,0.879642,0.518225,1.829365,0.819377,0.781682,0.810193
25104,2304,0.298229,76.723511,0.059428,54.591599,8.693333,36.300724,1.329955,0.432106,69.96711,0.771309,39177,7692,0.283005,69.891243,0.008321,33.274963,25.337727,28.920729,0.882943,0.632962,739.650452,0.859848,0.338265,2.113761,0.570401,0.640784,0.299532
22588,1563,0.32394,70.689781,0.11619,62.049862,8.874347,31.324932,1.580784,0.307387,57.012043,0.719095,27132,2379,0.31331,49.865913,0.060242,15.479922,10.359786,11.147057,0.459554,0.813265,304.926697,0.923447,0.440312,1.725166,0.720859,0.832523,0.656999
19771,1467,0.3276,67.253006,0.115446,62.270226,12.036426,25.62743,1.698672,0.2734,70.182411,0.693867,24337,1875,0.323098,54.372501,0.086991,18.729488,13.593482,13.249881,0.544403,0.776653,318.371704,0.907267,0.471007,1.789024,0.846682,0.812384,0.7824
22554,1518,0.326373,67.882607,0.122996,60.573448,6.025297,23.357738,1.534312,0.293496,51.378189,0.730293,27411,2247,0.324513,49.959282,0.068223,16.311228,11.797181,13.411168,0.499958,0.798106,329.967102,0.918154,0.453538,1.701794,0.868068,0.822808,0.675567
28890,1839,0.327908,64.771118,0.107348,42.21167,4.401765,24.602453,1.143908,0.482605,39.859676,0.806634,36344,4104,0.27853,47.050602,0.027116,13.615183,9.13478,11.388208,0.397043,0.83599,281.823975,0.936889,0.302431,1.466507,0.627469,0.794904,0.448099
28724,1713,0.325083,65.052986,0.12301,41.755074,1.836934,22.713449,1.001995,0.493861,31.404522,0.853696,35079,5499,0.311116,42.832802,0.014578,10.78259,7.849605,9.438976,0.353747,0.857376,349.414429,0.943643,0.294696,1.366029,0.67565,0.818837,0.311511
27190,2052,0.326066,67.348045,0.081145,48.815037,2.437085,22.846706,1.178094,0.417635,32.476738,0.809239,37126,4941,0.307775,56.206356,0.01911,21.014626,12.904361,16.101711,0.636394,0.742245,363.76001,0.897215,0.349756,1.83542,0.803123,0.732371,0.415301
19518,1560,0.323312,67.972824,0.100785,67.90184,11.19519,30.251373,1.802406,0.2324,84.683609,0.673529,23343,2139,0.317722,52.030369,0.064113,17.129639,11.63919,12.669806,0.518673,0.787557,386.169983,0.909322,0.510755,1.994885,0.645566,0.836139,0.729313
24386,1581,0.327373,64.977234,0.122599,61.020061,5.324555,30.480469,1.591869,0.2668,56.533905,0.707163,31431,3303,0.306982,61.471878,0.036204,23.118401,16.991234,19.224939,0.679593,0.721633,446.82074,0.888189,0.478194,1.745033,0.67867,0.775858,0.478656
35978,1962,0.319736,71.235313,0.117449,53.529713,3.846966,30.111994,1.271221,0.400469,59.549271,0.782743,42602,5739,0.275848,44.372952,0.016254,11.662358,8.834092,9.961074,0.355443,0.852157,404.189087,0.941843,0.363855,1.559618,0.521061,0.844514,0.341871
26709,1641,0.329448,71.441071,0.124638,66.183228,3.143959,32.744289,1.445805,0.280811,50.980518,0.769405,32004,4065,0.305691,50.001175,0.024338,15.339115,11.027662,13.496223,0.467893,0.804283,375.355011,0.922543,0.467022,1.705821,0.456491,0.834552,0.40369
28468,1809,0.318402,70.378212,0.109317,62.329128,3.704658,29.494005,1.463492,0.301677,60.250038,0.769751,34264,4044,0.303896,50.738056,0.026328,15.559426,10.820199,13.447525,0.458592,0.807707,364.883301,0.924829,0.446725,1.791089,0.931367,0.830843,0.447329
39864,2247,0.319831,77.009117,0.099217,50.306839,6.907196,31.606844,1.190509,0.485004,55.667362,0.802725,64001,10755,0.27043,77.979622,0.006953,36.788315,27.77581,31.96386,0.736906,0.650156,607.242981,0.883576,0.301144,1.543269,0.425851,0.622865,0.208926
40751,3531,0.294925,70.279129,0.041073,51.869965,2.313293,29.731611,1.197555,0.410253,41.895214,0.805711,83261,5286,0.319717,85.690269,0.037445,65.551796,33.848747,53.743511,1.44979,0.383854,261.781311,0.751209,0.354974,2.603982,0.343117,0.489437,0.667991
42789,2337,0.311501,69.487595,0.098452,52.219963,2.193499,26.977987,1.221972,0.397856,38.38055,0.808407,81547,8838,0.287619,86.525421,0.013119,60.605503,45.993874,50.582645,1.28529,0.430623,506.647705,0.786901,0.366209,1.708333,0.332343,0.524716,0.264426
29768,4371,0.270203,65.890671,0.019579,31.288208,4.182181,19.690516,0.782131,0.658435,56.350132,0.875189,80298,25752,0.235192,91.107239,0.001522,61.514828,52.353424,54.864002,1.241224,0.441868,1285.962524,0.809584,0.1853,2.694821,0.903933,0.370719,0.169734
39047,3519,0.283319,65.270264,0.039624,40.272671,2.01027,19.02183,0.970596,0.51572,26.497261,0.843462,90039,12000,0.28798,82.272827,0.007857,61.110264,41.598244,52.99791,1.45274,0.388277,463.832672,0.757236,0.27847,2.339761,0.257771,0.433668,0.29325
43293,2880,0.308744,81.078751,0.065591,64.277802,6.124152,34.838634,1.4133,0.369451,70.532623,0.774453,68946,5400,0.312578,79.127586,0.029712,43.086437,28.365326,36.817036,0.934301,0.578495,350.419373,0.845669,0.388306,2.155689,0.375908,0.627926,0.533333
22523,3492,0.266787,65.95118,0.023211,40.468464,5.125031,16.095766,1.100378,0.508738,114.342484,0.821048,22064,15318,0.144652,72.677429,0.001182,35.954887,26.755304,32.846729,0.871176,0.603321,882.084106,0.847613,0.281074,3.079365,0.158096,1.020803,0.227967
18738,2601,0.23088,60.734802,0.034806,30.093517,3.838349,11.259527,0.807876,0.634267,58.388844,0.866301,34291,10383,0.241682,69.585587,0.003997,30.72455,23.101704,27.116198,0.751473,0.668047,776.567017,0.873923,0.199697,2.121533,0.530791,0.546441,0.250506
17747,2283,0.258778,66.409561,0.042788,41.37672,8.418106,16.610567,1.141226,0.507679,82.352753,0.806264,28772,8592,0.25693,68.932205,0.004898,31.080572,25.633268,27.909615,0.798679,0.647643,942.104065,0.865654,0.282704,2.273904,0.88391,0.616815,0.265712
18407,2712,0.23754,66.536057,0.031449,37.616863,8.75795,16.638033,1.006015,0.563411,86.664383,0.832419,46529,8499,0.284665,89.013885,0.008095,67.645943,54.573185,61.293533,1.49131,0.370995,887.565369,0.753425,0.244306,2.469945,0.241675,0.395603,0.319096
20369,2226,0.255731,69.973953,0.051657,39.53083,5.325969,20.827711,0.990618,0.565704,66.167023,0.841528,43020,12909,0.246311,84.860031,0.003244,51.15271,42.233341,45.91518,1.099854,0.501657,1106.318237,0.813909,0.243926,1.925606,0.257039,0.473477,0.172438
15913,2562,0.269392,61.764606,0.030465,30.172182,1.620714,10.630069,0.731174,0.64166,31.338865,0.889464,37988,17184,0.222129,91.481415,0.001617,69.948769,53.749035,62.943665,1.495206,0.369529,897.471985,0.741888,0.194583,2.239511,0.152692,0.418895,0.149092
27058,3471,0.253523,64.435822,0.028223,37.917206,7.12347E-07,14.717775,0.833002,0.541159,19.580986,0.880381,48538,9471,0.259118,70.068741,0.0068,35.432316,17.127609,26.89118,0.956185,0.606827,379.765503,0.836824,0.260434,2.690698,0.472537,0.55746,0.366487
24089,3291,0.22636,66.747169,0.027949,37.539936,2.959679,13.414826,0.900706,0.566465,52.342697,0.862237,42246,9171,0.23741,70.585213,0.006312,32.99337,21.358311,28.065456,0.835619,0.643961,528.969299,0.857596,0.243068,2.611905,0.1844,0.570208,0.358849
19491,2064,0.253284,61.847206,0.057494,31.554348,2.792213,11.496698,0.803517,0.621168,39.280594,0.878949,35984,9633,0.227724,71.826378,0.004873,33.069946,24.764622,28.861761,0.775754,0.653378,702.532166,0.870233,0.208934,1.689034,0.1242,0.541657,0.214263
20889,2946,0.206128,71.603889,0.030246,43.740261,7.101408,17.019537,1.099,0.520602,107.167732,0.819008,33651,8454,0.254383,69.853645,0.005917,30.768023,23.223595,27.825193,0.754063,0.665171,780.549927,0.870318,0.273155,2.658845,0.92249,0.620754,0.348474
17736,2733,0.23187,72.580818,0.029839,43.241264,8.935435,20.158543,1.075005,0.533847,114.604095,0.811563,23781,5859,0.267046,54.270584,0.008705,16.787985,12.855167,14.867539,0.47714,0.800449,732.795715,0.91877,0.263732,2.632948,0.612411,0.745806,0.466462
18440,2589,0.24806,65.859917,0.034571,36.061493,7.545108,16.20031,0.985006,0.578999,105.901634,0.840394,24487,5022,0.264667,49.934162,0.012201,13.713364,10.674331,12.236115,0.41567,0.830309,539.778748,0.928218,0.234373,2.307487,0.736771,0.753053,0.515532
22602,2805,0.253704,66.853996,0.036099,33.872959,5.1375,13.831676,0.852444,0.625551,87.047989,0.866048,28034,5997,0.238884,41.873775,0.009796,9.452388,6.886557,8.346942,0.262725,0.886574,405.93454,0.95697,0.205881,2.115385,0.253606,0.806235,0.467734
19864,2943,0.215279,65.23114,0.02882,32.065845,5.655125,15.920794,0.845403,0.638039,83.39785,0.861308,26746,6540,0.247703,48.572517,0.007858,13.016588,9.47472,11.442001,0.372598,0.846344,567.33728,0.936911,0.19731,2.317323,0.235871,0.742691,0.45
20769,2913,0.208135,67.419037,0.030757,32.851051,5.038066,13.321125,0.821585,0.64524,71.610237,0.86991,26597,4056,0.231443,42.053211,0.020316,9.866251,6.787107,8.384708,0.303287,0.879713,322.747833,0.94895,0.193065,2.220274,0.823739,0.780878,0.718195
21299,2976,0.236695,69.366364,0.030221,40.406349,9.336937,16.399189,1.069366,0.547518,104.97451,0.82267,36121,7953,0.254574,69.797287,0.007176,31.656872,24.42886,28.351078,0.801324,0.650989,709.931763,0.866467,0.255026,2.574394,0.150734,0.589657,0.374198
23262,2583,0.291033,59.80788,0.043814,31.552526,3.31848,11.400632,0.844472,0.602526,41.695694,0.867704,62042,9234,0.284697,87.600479,0.009144,66.056419,43.93837,57.157715,1.462933,0.382674,548.941284,0.747661,0.220215,1.974771,0.405963,0.37494,0.279727
23627,3789,0.230121,55.856773,0.020681,27.015505,7.38585E-07,8.779801,0.662356,0.646212,17.54203,0.904701,57765,10911,0.252773,76.052673,0.006097,46.56776,24.208286,37.247528,1.202741,0.500433,408.678162,0.792669,0.192,2.698718,0.183629,0.409019,0.347264
23838,3258,0.21923,67.688469,0.028221,39.64592,3.80634,16.904423,0.972717,0.542761,46.479961,0.828864,45658,9510,0.247284,78.250504,0.006344,42.850143,27.226835,36.820133,1.069798,0.558022,631.12262,0.812414,0.258524,2.666121,0.669113,0.522099,0.342587
18696,2910,0.26175,66.257324,0.027744,35.017643,7.160872,15.919594,0.938446,0.599032,92.705658,0.845827,26271,6291,0.28479,54.356518,0.008342,15.941625,13.351745,14.982676,0.475938,0.806541,608.697754,0.921908,0.22169,2.504303,0.086416,0.711659,0.462566
20664,2439,0.268016,65.906586,0.043652,33.791351,6.277353,16.352224,0.874008,0.617261,80.744537,0.852197,40698,11736,0.232104,80.275146,0.003713,40.322277,30.287888,36.237431,0.849663,0.605851,884.850037,0.854037,0.210924,1.948083,0.163264,0.50774,0.207822
21959,2913,0.279782,76.540741,0.032519,48.649662,10.815939,27.141579,1.223774,0.494796,186.661255,0.798179,26338,6597,0.24259,46.028088,0.007605,11.194824,9.420146,10.174334,0.312269,0.859999,812.524902,0.946039,0.291427,2.653005,0.566509,0.833738,0.441564
17012,2550,0.239582,66.319252,0.032876,34.222198,2.773908,13.218912,0.826629,0.614772,44.173744,0.869271,26585,5595,0.262692,59.373901,0.010672,21.210526,14.443064,17.996243,0.608519,0.754467,493.356567,0.899504,0.211671,2.248677,0.561931,0.63991,0.455764
18727,2598,0.242468,61.284336,0.034866,27.670155,2.239839,9.603915,0.676755,0.682828,33.570667,0.894417,31332,8223,0.238856,60.448246,0.005823,21.585169,14.436009,17.844364,0.565706,0.763322,502.488922,0.908106,0.170584,1.959276,0.236564,0.597696,0.315943
17876,2826,0.258769,61.850475,0.028128,28.526123,4.156227,13.350974,0.74696,0.670227,51.462494,0.877066,25994,5814,0.245187,51.446312,0.009663,15.005165,9.778195,12.707273,0.440473,0.825766,466.92453,0.926889,0.177563,2.225197,0.36425,0.687697,0.486068
19592,2844,0.201502,65.768143,0.030439,30.918438,4.154655,12.074227,0.768634,0.663142,55.613632,0.878572,64709,13449,0.276102,96.814209,0.004496,81.776833,70.142265,74.068153,1.513386,0.318251,960.063477,0.753091,0.182124,2.167683,0.821711,0.302771,0.211466
20166,2961,0.233273,67.930649,0.028904,38.162388,8.123424,14.892382,1.008173,0.567848,87.54351,0.833196,40198,9096,0.255922,77.817589,0.006105,42.97707,33.010082,38.106445,1.023013,0.55242,757.450134,0.828657,0.24146,2.561419,0.145404,0.501667,0.325528
22480,2550,0.288994,58.878193,0.043444,30.409096,2.880445,10.74719,0.809539,0.614298,33.584366,0.873308,67371,8376,0.291384,89.744812,0.012067,76.27066,52.01099,66.311295,1.664067,0.315777,527.561768,0.713094,0.212812,1.949541,0.402963,0.333675,0.304441
24526,3618,0.235207,56.76157,0.023545,28.099369,9.10082E-07,9.307565,0.695433,0.634736,20.937469,0.899362,58837,10839,0.256602,76.502304,0.006293,47.001358,25.090868,38.083977,1.200349,0.498689,418.400848,0.792624,0.199306,2.576923,0.186092,0.416847,0.333795
23569,3333,0.217796,67.403572,0.026661,39.179462,3.670907,16.615282,0.959378,0.546906,43.915699,0.831104,45657,9507,0.247278,78.46946,0.006348,43.314907,27.360109,37.107281,1.084352,0.553511,627.682495,0.80988,0.255607,2.727496,0.667923,0.516219,0.350584
17445,2790,0.295043,64.190376,0.028163,32.476734,5.876171,14.077905,0.865267,0.622348,67.769951,0.857892,26271,6291,0.28479,57.473576,0.008342,18.482534,14.636446,16.824366,0.54959,0.780092,582.475586,0.909926,0.206856,2.401033,0.34674,0.66404,0.443491
18095,2376,0.25434,61.93119,0.040279,29.298645,4.369423,13.171238,0.742622,0.65932,34.656532,0.873106,45514,12288,0.236049,88.548279,0.003788,54.612644,40.259399,48.436729,1.141561,0.493331,893.945984,0.804873,0.184701,1.897764,0.149964,0.39757,0.193359
21852,2886,0.279573,76.384262,0.032969,48.388786,10.620889,26.907179,1.216771,0.496896,180.675537,0.799329,23512,3669,0.239176,28.327448,0.021948,4.285614,3.331201,3.854386,0.14224,0.93722,458.891724,0.973016,0.290007,2.628415,0.569796,0.929398,0.78659
17301,2490,0.241996,66.759361,0.035066,34.819397,2.970822,13.55405,0.843078,0.609166,47.153244,0.866541,27309,5910,0.258799,60.943909,0.009825,22.328194,15.690855,19.23683,0.627399,0.744396,527.326355,0.896438,0.215267,2.195767,0.564194,0.633527,0.42132
19557,2310,0.240687,70.349533,0.046056,36.925983,5.171395,16.426168,0.900456,0.60575,67.518402,0.850519,30477,7374,0.254822,64.063225,0.007043,23.482605,17.805431,20.925438,0.572643,0.748889,658.426941,0.906744,0.218,1.925,0.24442,0.641697,0.313263
17939,3285,0.210655,67.659691,0.02089,36.477386,3.316154,13.312657,0.873448,0.59052,46.557667,0.858323,45985,9300,0.2681,88.648865,0.006681,64.613945,44.562885,55.655792,1.470748,0.394162,770.105591,0.744578,0.226388,2.917407,0.706037,0.390105,0.353226
21622,2310,0.265073,55.598698,0.050919,27.782612,3.20626,10.605981,0.800845,0.628152,43.892593,0.871423,49968,13227,0.254909,81.186424,0.003589,47.158463,36.705116,42.670063,1.1324,0.510952,795.926575,0.808563,0.204089,1.774194,0.764977,0.432717,0.174643
23252,3207,0.249603,67.948814,0.02841,39.189949,3.893819,15.034466,0.964382,0.552565,53.779835,0.841443,44500,10839,0.256979,77.230896,0.00476,40.830421,28.177214,35.46154,1.052742,0.564608,748.292969,0.818335,0.251776,2.637336,0.416986,0.522517,0.295876
26246,3336,0.273507,65.841949,0.029636,37.425121,1.646113,16.137291,0.880921,0.560091,52.410778,0.867432,50862,12810,0.234132,75.418625,0.003895,40.568729,25.877481,35.430573,1.030255,0.562163,676.480591,0.819919,0.24711,2.558282,0.184989,0.516024,0.260422
21272,3294,0.281465,63.10297,0.024636,34.744125,1.626863,12.944656,0.840046,0.576105,34.378639,0.86276,49350,7674,0.281158,82.375229,0.010531,54.654579,31.464357,46.906872,1.330518,0.453158,495.598206,0.768617,0.235831,2.731343,0.606216,0.431044,0.429242
18657,2391,0.240125,60.679985,0.04101,28.692577,2.553787,10.345734,0.743603,0.658544,36.153927,0.883313,27894,5568,0.275668,52.618877,0.011306,16.10302,11.243388,14.057119,0.487953,0.807065,431.115479,0.919815,0.185078,1.882677,0.437044,0.668854,0.429418
18345,2946,0.289125,61.637119,0.026562,31.544538,5.391379,13.41259,0.882615,0.614096,75.194969,0.852247,22879,3981,0.231136,37.996342,0.018141,8.604238,5.802563,7.190909,0.307109,0.879178,344.823944,0.945928,0.211589,2.49661,0.31197,0.801827,0.740015
19058,2526,0.233408,65.839302,0.037534,38.192307,8.683461,16.69701,1.05054,0.54842,98.908997,0.82305,25068,5043,0.25822,49.201458,0.012387,13.371261,10.837585,13.063959,0.434374,0.823252,527.944275,0.926472,0.254422,2.304744,0.39869,0.760252,0.500892
20531,3186,0.271413,61.382172,0.025417,30.013451,6.474037,13.215289,0.831544,0.640144,72.80024,0.865273,28091,5823,0.248031,46.221622,0.010411,12.519238,9.20663,10.994961,0.390262,0.841702,421.337402,0.932748,0.19558,2.458333,0.435434,0.730875,0.547141
17901,2661,0.236776,63.789642,0.031769,40.784569,14.455732,22.713724,1.180921,0.48198,140.54213,0.80498,22077,3330,0.251203,45.114143,0.025019,11.906829,9.173239,10.080552,0.374413,0.843684,443.576965,0.935807,0.299598,2.720859,0.776591,0.810844,0.799099
17961,2532,0.251576,59.767097,0.035206,35.074001,11.535304,16.415352,1.080594,0.536215,113.861313,0.8189,26335,6246,0.273153,58.150478,0.008483,18.860346,17.486225,19.400005,0.616906,0.743527,672.112122,0.897694,0.262515,2.416031,0.816061,0.68202,0.405379
18114,3075,0.23464,62.835823,0.024073,34.04105,6.799086,15.85279,0.956547,0.58346,85.264435,0.842839,23818,4563,0.243478,44.382355,0.014375,12.186149,8.447347,10.370222,0.404867,0.837346,423.071808,0.929107,0.230572,2.735765,0.808174,0.760517,0.673899
17912,3264,0.249006,64.635529,0.021128,38.471287,8.813577,18.404873,1.087925,0.528302,106.273743,0.817585,33335,7752,0.261168,74.949028,0.006971,39.624004,28.22537,35.106255,1.03644,0.562897,784.810303,0.818042,0.266072,3.144509,0.200325,0.537333,0.421053
19365,2598,0.237316,67.056572,0.036054,36.242516,6.89728,15.459378,0.936822,0.588533,76.915298,0.840709,24743,3579,0.264977,43.649357,0.024274,11.020205,7.560414,9.579394,0.356593,0.859267,365.661438,0.93769,0.228011,2.22813,0.614996,0.782646,0.725901
22509,2634,0.255057,58.901398,0.040769,31.801271,4.646825,13.67151,0.913967,0.588473,42.247734,0.844232,44083,11859,0.242537,72.962433,0.003939,37.981747,26.650478,32.542297,0.98049,0.582409,681.324463,0.830754,0.229029,2.100478,0.407589,0.510605,0.22211
22085,2871,0.273282,64.301628,0.03367,40.608654,4.838672,15.53437,1.097799,0.495468,54.716187,0.816955,37056,7662,0.263521,69.758911,0.007932,33.420509,23.0047,29.345354,0.909278,0.61909,600.829834,0.846514,0.29078,2.600543,0.405195,0.59599,0.374706
23441,3264,0.207463,61.485737,0.027649,36.835354,6.543562,20.668987,1.078977,0.526332,72.300652,0.816656,33614,7608,0.231947,54.129211,0.007298,19.60663,13.122553,16.532234,0.576555,0.753883,471.727844,0.903297,0.269288,2.761421,0.680788,0.697358,0.429022
23835,3414,0.279773,58.596714,0.025698,33.280312,1.997367,12.908796,0.899804,0.557974,47.319103,0.858441,50219,8580,0.280504,74.130104,0.008572,44.42741,27.531715,38.75663,1.179368,0.502983,489.034943,0.79651,0.248013,2.748792,0.598286,0.474621,0.397902
26761,3339,0.227542,64.522972,0.030163,39.695068,3.018946,13.801145,1.001328,0.515002,56.779156,0.845252,32953,5007,0.241212,39.285641,0.016518,10.091028,5.221846,8.533537,0.344464,0.855482,236.887146,0.940126,0.277512,2.684084,0.55832,0.812096,0.666866
24365,2967,0.264765,64.734795,0.034781,41.604172,1.746415,15.317932,1.017634,0.487196,44.14455,0.843147,32271,4611,0.274736,48.798626,0.019074,15.38278,7.575456,13.434591,0.485963,0.796585,241.238174,0.917131,0.297105,2.584495,0.475127,0.755012,0.643461
22382,2328,0.284954,60.943428,0.051897,36.119358,5.813946,14.404449,1.040788,0.533574,75.08107,0.828706,28920,5568,0.264131,45.956726,0.011722,12.920968,9.020123,11.268511,0.398533,0.828666,387.030731,0.933306,0.26524,2.003442,0.413685,0.773928,0.418103
20160,2673,0.241631,67.177536,0.035457,39.191292,4.179504,14.038532,0.983062,0.546956,56.442127,0.843717,28349,5304,0.25102,52.519165,0.012663,17.626135,10.977899,14.494094,0.525832,0.781003,390.579132,0.910161,0.255782,2.378114,0.49889,0.711136,0.503959
20157,2808,0.246487,57.055737,0.032125,29.620863,3.551186,11.952995,0.848685,0.608231,38.567139,0.860034,47663,10917,0.245048,80.085114,0.005026,50.899002,31.667761,43.446777,1.224104,0.473176,582.42041,0.788088,0.216073,2.297872,0.272935,0.422907,0.257214
22614,3054,0.233331,61.611649,0.030468,32.28923,3.330594,14.053851,0.862245,0.604842,47.888195,0.858703,31528,7629,0.257765,49.796097,0.006807,15.156542,9.674109,12.804885,0.446797,0.812999,412.234802,0.924169,0.2184,2.367442,0.547266,0.717267,0.400315
21197,2736,0.254968,60.774734,0.035584,35.047997,3.892713,13.235697,0.968083,0.550719,44.00177,0.844641,42144,8343,0.265728,75.710594,0.007609,43.002785,26.491179,36.576828,1.080461,0.538563,509.062103,0.814586,0.253389,2.362694,0.423662,0.502966,0.32794
23379,3258,0.240517,56.957767,0.027678,29.551647,1.044595,9.053266,0.741634,0.610098,20.413719,0.889597,32474,7311,0.267798,44.026691,0.007635,13.081825,6.19449,9.844,0.440112,0.818535,228.007706,0.92566,0.214967,2.468182,0.66584,0.71993,0.44563
23202,2910,0.290796,57.562714,0.034431,30.813885,1.421807,13.596496,0.813691,0.592132,26.902876,0.872485,29965,5814,0.275837,40.582539,0.01114,10.66499,5.016652,8.702621,0.357107,0.852842,224.912872,0.940029,0.226609,2.259317,0.4067,0.774303,0.500516
32313,3345,0.244451,60.146435,0.036291,35.350769,2.082241,17.308022,0.949073,0.539518,47.998871,0.861224,37954,5793,0.252759,34.168987,0.014212,7.225813,3.811802,5.969055,0.258187,0.893183,205.183075,0.955782,0.261559,2.37909,0.592713,0.851373,0.577421
24024,3465,0.238227,54.343826,0.025145,29.591185,1.348067,11.369776,0.825258,0.58163,26.074299,0.870129,34116,6798,0.250358,46.24247,0.009277,14.7316,7.040589,11.370008,0.506047,0.79179,241.569763,0.913984,0.232723,2.694401,0.605292,0.704186,0.509709
19203,3423,0.258365,52.915005,0.020595,26.441584,1.645274,12.256389,0.770288,0.625863,25.549974,0.877323,36021,9537,0.227954,63.638504,0.004977,29.446461,17.314911,24.360178,0.829181,0.647761,462.746979,0.859753,0.204479,2.792006,0.122981,0.533106,0.358918
23877,2637,0.232407,65.818741,0.043149,35.818272,6.938151,19.618273,0.92753,0.584615,62.602531,0.84194,32491,6780,0.248066,51.937134,0.008882,15.516068,10.580059,13.636256,0.433273,0.818964,481.462036,0.92665,0.231467,2.04736,0.678754,0.73488,0.388938
22046,3195,0.246923,64.226547,0.027139,35.115704,4.942421,15.477814,0.947587,0.57845,63.383492,0.843663,53526,8877,0.2839,88.862312,0.008536,62.29977,40.252586,54.085964,1.383507,0.420994,641.969177,0.757794,0.234812,2.601792,0.319481,0.411875,0.359919
22931,2790,0.269551,67.386497,0.037019,38.260094,6.628892,17.315018,1.002189,0.560244,74.734314,0.831682,33124,8109,0.265691,59.32494,0.00633,20.175865,15.775736,18.049908,0.552114,0.767529,695.578613,0.908124,0.247395,2.29064,0.111744,0.692277,0.344062
18017,2853,0.215295,74.83342,0.027816,47.543324,9.180405,22.803303,1.16783,0.496269,107.924828,0.800563,27007,6429,0.237047,67.257988,0.008211,27.401701,19.665384,24.421598,0.683331,0.703917,731.163391,0.882979,0.290054,2.824753,0.78653,0.667123,0.44377