27255,6873,0.200225,56.341297,0.00725,21.914185,0.000000289,9.818274,0.495454,0.746119,18.415751,0.933205,37284,18195,0.186422,61.426765,0.001415,26.54677,10.450567,21.764141,0.734707,0.691493,158.219452,0.882295,0.132237,3.784692,0.459685,0.731011,0.377741
23394,1494,0.329238,74.144859,0.131708,38.713226,3.006521,21.066629,0.833826,0.611995,41.278194,0.872118,21419,5232,0.289102,26.940765,0.009833,3.616183,2.648872,3.549618,0.113261,0.956959,140.447708,0.981617,0.215474,1.133536,0.910102,1.092208,0.28555
25683,1620,0.326619,80.479706,0.122977,44.589298,2.368824,26.10413,0.88142,0.580451,44.443199,0.855691,30355,4758,0.310807,43.177025,0.01685,9.061441,7.083465,7.690735,0.239971,0.902792,438.212677,0.963093,0.235875,1.227273,0.87153,0.846088,0.340479
28867,1944,0.328194,77.753967,0.095988,43.224598,3.266165,27.513384,0.919977,0.577188,58.704857,0.856927,34165,5193,0.31718,42.053307,0.01592,8.907988,7.104292,7.602891,0.253368,0.899209,442.084869,0.959856,0.237898,1.394548,0.532878,0.844929,0.37435
32676,1971,0.327264,77.99411,0.105698,45.494987,3.189802,27.519514,0.966801,0.551466,52.230827,0.844718,43649,7362,0.296345,57.09737,0.01012,17.295116,14.344914,13.849663,0.428018,0.819755,533.365479,0.934003,0.255004,1.376397,0.721138,0.748608,0.267726
25989,1602,0.327896,68.482246,0.127255,36.737793,4.828821,19.133043,0.913229,0.596369,40.747517,0.846176,32290,4809,0.310093,45.521824,0.017546,10.377733,8.782782,8.76554,0.301413,0.880768,405.670288,0.953801,0.225505,1.179676,0.885482,0.804862,0.333125
24778,1569,0.329648,70.895065,0.126482,38.736107,2.919688,16.668779,0.863997,0.586265,39.476601,0.863438,31931,6168,0.304418,50.767616,0.010547,13.196661,11.14748,11.394802,0.361059,0.852907,600.896729,0.943886,0.231986,1.199541,0.777875,0.775986,0.254377
24038,1560,0.327931,65.100899,0.124125,34.664261,3.683436,15.339654,0.879997,0.599484,38.894951,0.853857,31311,3735,0.31708,50.544395,0.028205,13.086652,10.447462,10.281065,0.353618,0.858194,315.423828,0.947134,0.223443,1.189024,0.917427,0.767717,0.417671
23212,1572,0.328187,64.718941,0.118037,33.536842,5.465665,16.576307,0.875071,0.613178,43.138474,0.851366,28533,2298,0.319697,44.120243,0.067898,9.653645,7.504066,7.688641,0.265809,0.896393,190.450195,0.960412,0.214733,1.194529,0.781878,0.813514,0.684073
28043,1710,0.324167,74.494652,0.120515,40.866547,4.568631,20.244469,0.93811,0.584173,45.277328,0.83575,38838,5142,0.305734,59.558167,0.018459,18.670307,13.705243,14.908428,0.421876,0.816011,354.230408,0.935553,0.233598,1.231988,0.572166,0.722051,0.332555
23965,1668,0.328589,70.750549,0.108242,37.623165,2.98887,17.366005,0.851309,0.600159,46.72739,0.863556,29060,4245,0.318651,43.166351,0.020265,9.301484,7.18204,7.894894,0.269882,0.894273,393.783569,0.956862,0.222831,1.271341,0.734747,0.824673,0.392933
31575,2100,0.328639,76.07048,0.089974,41.891972,4.488618,24.143873,0.96106,0.582175,64.823151,0.841005,37325,4140,0.302982,41.812508,0.027366,8.715261,6.504908,7.104426,0.236102,0.904978,318.464478,0.963171,0.234431,1.430518,0.586923,0.845948,0.507246
24528,1659,0.328816,64.427299,0.11199,33.658699,2.017673,17.174555,0.812103,0.610136,26.518459,0.870658,32292,3366,0.314186,48.737606,0.035816,13.133899,8.594436,10.196847,0.363319,0.857667,234.805695,0.943566,0.21664,1.232541,0.795437,0.759569,0.49287
25161,1626,0.328335,67.9916,0.11959,36.079361,1.406788,15.740711,0.761526,0.603294,18.491152,0.884818,29883,2646,0.320516,38.050465,0.053636,7.895022,4.455374,5.247628,0.23143,0.910544,134.302689,0.964342,0.221421,1.204444,0.647341,0.841984,0.614512
29787,1827,0.325605,73.440804,0.11214,40.104084,2.555699,24.09889,0.893714,0.588139,29.428261,0.865918,35334,4104,0.314466,39.935425,0.026363,8.365761,5.559115,7.02906,0.235429,0.906437,228.320328,0.963147,0.231266,1.265235,0.437193,0.843012,0.445175
22270,1467,0.329224,69.368881,0.130038,35.605503,2.49345,15.982416,0.798925,0.620353,31.211212,0.869549,25273,1848,0.324312,31.717384,0.092996,5.414894,3.398169,3.869193,0.16754,0.936767,137.09256,0.973612,0.210193,1.126728,0.930631,0.881178,0.793831
19826,1392,0.32825,63.968708,0.128578,31.512671,4.232832,14.511739,0.806349,0.638622,31.793562,0.861443,25440,2661,0.317651,46.621716,0.045148,11.254898,7.93714,8.458964,0.301161,0.881132,231.910843,0.953836,0.198578,1.101266,0.869605,0.779324,0.523112
24596,1611,0.329079,75.196243,0.119092,39.912025,3.655909,23.30295,0.896367,0.602753,43.936466,0.849547,30398,5064,0.295078,46.359177,0.014896,10.821946,8.065848,9.114931,0.288918,0.884084,446.88269,0.954766,0.221227,1.207646,0.75103,0.809132,0.318128
24154,1581,0.326798,75.18177,0.121433,39.821968,3.735477,21.520979,0.873396,0.60389,36.985687,0.843309,28373,3021,0.319548,39.508194,0.039067,7.870029,4.948196,6.202161,0.226206,0.914241,256.361298,0.963367,0.220411,1.192308,0.599563,0.851302,0.523337
22023,1548,0.327037,69.506485,0.11549,34.931339,3.059505,19.195192,0.81765,0.631023,36.704678,0.862196,27485,3609,0.308567,44.111542,0.026517,10.103894,7.217663,7.975775,0.283351,0.889841,334.731934,0.955418,0.203239,1.174507,0.701289,0.801273,0.428928
25757,1824,0.326426,74.759773,0.097287,39.624462,2.780721,23.580948,0.864127,0.603945,35.338169,0.863454,36301,6420,0.312945,58.547951,0.011068,18.259199,13.533037,14.207036,0.455896,0.812457,485.535095,0.92973,0.220366,1.333333,0.730583,0.70954,0.284112
25403,1566,0.329289,73.51693,0.13017,38.944386,1.484851,21.0569,0.794903,0.604521,27.43656,0.882351,33863,6087,0.305915,52.939701,0.011485,14.818236,11.264668,12.115831,0.373807,0.843632,452.037231,0.941531,0.220409,1.153166,0.935728,0.75017,0.25727
18886,1401,0.327541,66.793678,0.120913,32.580387,2.798654,14.992778,0.768981,0.645926,28.012209,0.872031,25920,4509,0.302077,53.030327,0.016021,14.53647,10.853298,11.248048,0.379494,0.847153,392.954498,0.943277,0.194021,1.122596,0.947647,0.728627,0.310712
26120,1914,0.319957,78.601471,0.089598,41.857513,3.127386,26.259899,0.878109,0.601564,42.099487,0.85206,33098,4857,0.31539,49.457947,0.017631,12.345243,8.427895,9.677209,0.330418,0.87096,421.590576,0.947007,0.221719,1.390988,0.450902,0.789172,0.39407
19016,1416,0.327292,68.711937,0.11918,33.693619,2.149004,15.380532,0.758911,0.643694,26.070738,0.876168,24050,2589,0.308535,43.682453,0.045088,10.148787,7.032885,7.407684,0.28846,0.889472,237.42157,0.955754,0.195356,1.134615,0.826555,0.790686,0.546929
22089,1545,0.328134,71.024048,0.116286,36.51659,2.247876,18.213858,0.800598,0.61968,27.518755,0.871422,29565,3807,0.306618,52.605728,0.025634,14.504125,10.485318,10.989862,0.361547,0.851754,282.262115,0.945613,0.210662,1.19213,0.7697,0.747133,0.405831
21569,1512,0.327577,72.906807,0.118559,36.876995,2.407038,19.056374,0.79321,0.628592,26.999493,0.86384,26690,3558,0.321214,43.369553,0.026494,9.715787,6.54754,7.319367,0.274783,0.893644,312.143127,0.956672,0.204873,1.164869,0.874737,0.80813,0.424958
20646,1470,0.326455,62.445908,0.120064,30.648388,5.919394,14.551198,0.828863,0.640437,54.442104,0.864242,25676,4311,0.306257,42.997051,0.017361,9.58005,7.67838,8.004746,0.268494,0.892448,340.356201,0.95859,0.197577,1.136012,0.662199,0.804097,0.340988
22417,1626,0.329062,68.820717,0.106548,35.724358,7.118864,19.807859,0.865835,0.613592,49.987904,0.853589,25459,2460,0.321039,32.990501,0.052867,5.698782,3.7757,4.294298,0.168473,0.933538,191.388,0.972949,0.214246,1.256569,0.744394,0.880514,0.660976
23427,1503,0.328939,67.323959,0.130319,35.251858,3.650127,14.483612,0.842508,0.609309,39.755413,0.859186,26283,2265,0.327428,30.36854,0.06438,4.991857,3.506594,3.790748,0.157795,0.939747,171.945038,0.975271,0.217275,1.143836,0.770643,0.891337,0.663576
22563,1470,0.328371,67.388245,0.131212,34.889069,2.006414,15.491387,0.80035,0.614914,31.811039,0.874887,30106,3684,0.316133,52.342007,0.027876,14.441095,10.098357,10.681052,0.364054,0.851886,268.643738,0.944403,0.213778,1.130769,0.735158,0.749452,0.399023
22196,1458,0.328727,71.111015,0.131211,36.546619,3.887889,17.825392,0.843493,0.619181,38.482697,0.85156,29337,3537,0.319533,53.486664,0.029468,14.3973,10.073571,10.800343,0.34234,0.859188,270.133545,0.948199,0.211009,1.123267,0.722609,0.756587,0.412214
22229,1479,0.329553,65.706459,0.127701,33.397644,5.179989,17.697922,0.845346,0.624876,38.216843,0.856695,27820,3276,0.31708,45.622986,0.032575,10.428488,8.234056,8.425595,0.286668,0.888796,291.715942,0.957361,0.207391,1.129008,0.786454,0.799029,0.451465
21945,1572,0.326475,69.801712,0.111594,35.723526,3.406093,16.424641,0.830643,0.620991,37.999836,0.86808,26874,2715,0.318994,43.448368,0.045814,9.536323,6.935449,7.233377,0.264859,0.898793,250.306839,0.958592,0.209707,1.214838,0.735304,0.816589,0.579006
27731,1743,0.321117,74.372215,0.114705,39.374588,3.306553,21.609589,0.873035,0.604248,42.44545,0.862419,36832,6639,0.28548,53.565403,0.010501,14.824902,10.922013,12.443251,0.374201,0.845159,463.523376,0.939687,0.220611,1.227465,0.50508,0.752905,0.26254
17738,1317,0.32892,66.723732,0.128512,32.087219,3.443398,14.40916,0.773613,0.652325,38.346939,0.871832,24733,3282,0.305052,55.816498,0.028854,15.846889,11.749137,12.011209,0.380402,0.844342,330.979065,0.942249,0.190081,1.077741,0.715647,0.717179,0.40128
25414,1599,0.327889,76.441422,0.124907,41.155193,2.585219,20.871323,0.86183,0.595784,40.755959,0.859405,30229,2853,0.309232,43.181343,0.046669,9.115879,6.669842,6.970034,0.231326,0.907443,232.667831,0.964769,0.226047,1.191505,0.792617,0.840716,0.560463
22843,1524,0.324871,73.177208,0.123593,37.761257,2.98081,16.471077,0.823987,0.617652,38.461311,0.866681,28158,2886,0.313337,45.539371,0.042483,10.338111,7.298813,7.407592,0.264779,0.894141,232.751709,0.959546,0.211764,1.159817,0.667589,0.811244,0.528067
21621,1521,0.327457,71.397713,0.117443,36.906471,3.189484,18.060907,0.841782,0.617203,37.325619,0.858359,24660,2310,0.319571,34.091576,0.058074,5.96104,3.803128,4.191172,0.173741,0.933175,159.210327,0.972466,0.212129,1.190141,0.71276,0.876764,0.658442
23901,1539,0.328957,74.610825,0.126809,39.042095,4.284932,22.966286,0.885397,0.610803,47.480885,0.851605,28295,3054,0.306203,40.061108,0.038123,8.069819,5.895226,6.830311,0.219458,0.912918,244.949997,0.966404,0.216271,1.157143,0.640462,0.844708,0.503929
27296,1650,0.326094,84.672424,0.125991,47.80933,3.197097,29.185375,0.931585,0.570264,47.983425,0.849104,32065,3987,0.315225,43.024441,0.025348,8.994925,6.96118,7.648438,0.237692,0.905696,374.242249,0.963462,0.242592,1.229508,0.832159,0.851271,0.413845
20850,1416,0.329088,79.897453,0.130674,40.714222,5.242551,25.762283,0.868309,0.625174,55.068226,0.849089,25656,3972,0.306161,46.805046,0.020435,10.461479,8.462104,8.686412,0.250554,0.894263,430.253723,0.962041,0.206948,1.114961,0.739158,0.812675,0.356495
24352,2307,0.313072,76.297859,0.057498,41.299362,3.28722,22.094618,0.886232,0.592262,53.911209,0.858684,31708,5844,0.29265,52.735249,0.011667,14.232227,11.049147,11.651659,0.353501,0.851626,481.611115,0.945024,0.227793,1.763762,0.674661,0.768008,0.394764
38246,2823,0.290396,83.822174,0.060308,47.961697,3.986015,29.15996,1.004122,0.562114,59.491901,0.83269,74405,16950,0.278223,90.406387,0.003254,49.729053,42.372627,45.037857,0.939084,0.563243,1080.886475,0.851072,0.247624,1.791244,0.452969,0.514025,0.166549
36972,3123,0.258951,78.626274,0.047636,41.91642,6.045025,27.303364,0.942591,0.600701,61.10405,0.839984,65368,13548,0.290045,81.045967,0.004475,36.762421,26.513346,32.307014,0.745862,0.668164,676.535889,0.882753,0.222403,1.913603,0.567473,0.565598,0.230514
38897,2448,0.305873,77.955269,0.081565,44.340435,3.540623,25.790367,0.965806,0.565693,47.804295,0.837277,62247,10107,0.265027,73.258446,0.007657,30.31789,21.436831,26.10471,0.653645,0.711071,497.267944,0.894243,0.24559,1.535759,0.388246,0.624882,0.242208
40235,3297,0.295685,83.710152,0.046513,49.875874,2.669397,27.744173,0.974738,0.538438,68.693176,0.851944,60427,7902,0.295967,70.707413,0.012161,27.483692,18.861586,23.580856,0.605286,0.737465,434.040649,0.901191,0.263241,2.108056,0.834446,0.665845,0.417236
40928,2454,0.314594,86.715393,0.085405,51.588261,4.684477,34.394657,1.054004,0.540537,59.302795,0.823242,56442,7548,0.298502,63.557983,0.012449,21.009424,15.57491,17.601294,0.483759,0.796303,485.796112,0.925736,0.262213,1.549242,0.583131,0.725134,0.325119
17052,1998,0.254671,61.176636,0.053678,26.297773,2.594879,10.621586,0.660925,0.704175,44.149872,0.897146,34080,11844,0.251589,75.390106,0.003053,32.31588,26.446428,29.601864,0.678375,0.683053,968.329407,0.890256,0.158182,1.518237,0.288744,0.500352,0.168693
20095,3003,0.228433,66.147476,0.028002,28.882828,5.805536,11.783949,0.728493,0.696901,93.100037,0.884576,49680,15513,0.249676,87.78994,0.002594,48.736889,43.645271,44.826164,0.944191,0.552887,1214.999023,0.849399,0.161738,2.129787,0.970141,0.404489,0.19358
19383,2427,0.266334,64.634979,0.041352,30.138155,7.773203,13.185354,0.804785,0.665668,97.087807,0.871012,40811,15078,0.232486,80.524574,0.002256,39.761353,34.354465,36.590797,0.84058,0.609553,1227.75647,0.861448,0.180839,1.852672,0.270609,0.474945,0.160963
20210,2685,0.260667,62.651749,0.035228,29.487938,8.541849,15.499001,0.82805,0.654334,120.491295,0.865872,39795,13956,0.250207,80.56768,0.002568,40.390778,35.537098,38.349918,0.787081,0.610843,945.883118,0.877506,0.187886,2.040274,0.39597,0.507853,0.19239
22750,2670,0.249099,62.654388,0.040102,28.48332,6.763613,13.605868,0.777381,0.67592,103.627235,0.875173,41183,12252,0.240688,70.089149,0.003448,28.098827,22.1038,26.03303,0.614303,0.711457,763.924805,0.899415,0.174871,1.84903,0.430454,0.552412,0.217924
21812,3114,0.232974,64.168877,0.028266,28.368319,6.012935,12.66623,0.753459,0.686868,109.767052,0.879283,40110,13578,0.250793,72.013626,0.002734,29.014574,23.968559,27.043476,0.632053,0.706196,989.855652,0.894714,0.167839,2.159501,0.623325,0.543805,0.229342
21050,2667,0.266621,66.165878,0.037189,30.15885,5.940258,14.183414,0.776046,0.675938,105.728638,0.875509,55120,13224,0.281743,93.100456,0.003961,58.285145,51.109325,53.839771,1.061706,0.493003,999.593811,0.835023,0.174857,1.92147,0.583187,0.381894,0.201679
23213,2244,0.290333,68.153679,0.057929,32.999924,3.492176,13.965555,0.785981,0.646962,82.297112,0.880188,42359,10722,0.261708,76.618271,0.00463,33.098915,26.814936,30.085293,0.665391,0.684898,818.916321,0.890337,0.192805,1.609756,0.284503,0.548006,0.209289
20696,2430,0.269132,71.056709,0.044044,33.997257,4.68229,14.368264,0.802663,0.654455,79.687714,0.868508,39425,10218,0.261781,79.97258,0.004745,35.720924,28.290859,32.8377,0.738985,0.665461,865.357544,0.878148,0.187872,1.824324,0.459191,0.524946,0.237816
23592,3054,0.25362,69.438179,0.031786,35.610958,3.476567,16.808006,0.83987,0.61728,108.54673,0.86937,59387,22299,0.251281,90.882538,0.001501,62.195202,55.37978,59.467606,1.220259,0.425399,1610.109131,0.793684,0.210763,2.279104,0.377005,0.397259,0.136957
19701,2466,0.223519,60.670212,0.040711,25.241329,1.866364,10.771585,0.609053,0.719552,35.880947,0.901277,45350,10830,0.26026,80.189323,0.004859,39.106098,26.018476,34.003124,0.857821,0.629904,585.243591,0.856408,0.149056,1.693681,0.446599,0.434421,0.227701
19766,2385,0.261092,60.32119,0.043667,25.55191,1.371107,11.186406,0.613366,0.711703,32.868919,0.904254,49729,15189,0.274884,84.056122,0.002709,46.043411,39.308941,43.109375,0.957326,0.564001,1004.629822,0.845011,0.153809,1.66318,0.226801,0.397474,0.157022
24001,3153,0.235713,65.65065,0.030338,28.225657,2.264363,12.724062,0.648303,0.705771,41.543682,0.899254,42905,10566,0.234758,66.583885,0.004829,24.626705,15.839469,21.203318,0.600553,0.748877,491.442993,0.901197,0.157139,2.015985,0.358378,0.559399,0.29841
19651,2157,0.256886,56.011742,0.053076,23.277617,3.876186,10.305643,0.642233,0.718747,37.984341,0.895825,37157,11304,0.250808,68.263252,0.003654,26.415932,20.41078,23.110243,0.608713,0.729692,670.653809,0.900633,0.149986,1.489641,0.176185,0.528864,0.190817
20569,2529,0.271958,63.030941,0.040413,28.680193,2.913682,13.60273,0.723157,0.676623,53.709858,0.884704,34466,6453,0.277404,64.129288,0.010401,23.279943,16.752447,20.784618,0.551694,0.76084,425.671478,0.912314,0.174458,1.840611,0.696624,0.596791,0.391911
21401,2364,0.275346,65.392242,0.048123,32.459557,3.315113,15.677891,0.817388,0.63461,51.877583,0.865409,47461,8592,0.28363,86.964729,0.008079,49.120594,37.352097,44.259815,0.997342,0.552595,651.711853,0.835772,0.20017,1.80458,0.507533,0.450918,0.27514
19310,2280,0.23828,60.172989,0.046679,26.081175,4.282882,11.638268,0.696456,0.70079,55.620419,0.889016,35895,11433,0.237288,69.971031,0.003451,27.675793,22.044266,24.972872,0.601132,0.72097,728.534241,0.902815,0.160339,1.633238,0.383949,0.537958,0.199423
20950,1896,0.274978,62.672386,0.073235,29.839731,4.339203,11.974447,0.785678,0.65551,52.092697,0.872561,42700,12408,0.255719,79.474808,0.003485,38.76857,31.071501,35.416328,0.812121,0.620345,918.439331,0.86595,0.18764,1.404444,0.234555,0.490632,0.152805
21046,2571,0.267139,66.590981,0.040011,29.915388,4.41504,11.674501,0.725374,0.683573,67.492195,0.884884,40324,13833,0.249417,74.885078,0.002648,31.894838,26.624895,28.847553,0.696428,0.685464,1005.290466,0.88921,0.170341,1.828592,0.558713,0.521922,0.18586
17638,2712,0.225003,59.459614,0.030136,24.362667,4.103256,11.241914,0.653481,0.723845,61.896301,0.897013,41690,14838,0.255957,80.255005,0.00238,39.805851,35.481831,36.867947,0.830578,0.614266,1091.807373,0.869906,0.146131,1.951079,0.177911,0.423075,0.182774
20600,2370,0.272487,64.232635,0.046087,29.987745,3.758467,13.96334,0.769489,0.664133,67.135513,0.875848,44794,11970,0.279545,83.742851,0.003929,43.434582,37.726673,39.991966,0.879386,0.594757,983.670349,0.863586,0.181889,1.755556,0.522559,0.459883,0.197995
21133,2694,0.249101,62.787338,0.036591,29.830873,5.940142,13.43782,0.802923,0.655337,72.12323,0.868754,51481,13416,0.267349,87.712105,0.003594,52.824997,44.174496,49.602783,1.046997,0.507606,902.187134,0.829872,0.187266,1.995556,0.297143,0.410501,0.200805
19254,2805,0.222068,60.728962,0.030751,24.831802,3.219696,9.4822,0.621123,0.727236,54.091026,0.903241,40332,13680,0.253598,73.880913,0.002708,31.580843,26.374933,28.845453,0.704098,0.683675,941.126526,0.886219,0.144246,1.918605,0.647029,0.477388,0.205044
19403,2568,0.234974,60.912956,0.036973,27.019173,3.472621,11.405046,0.710862,0.688614,54.680527,0.885518,53735,16188,0.265543,92.194283,0.002577,59.312397,51.841171,54.715508,1.152961,0.469565,1242.437744,0.818133,0.166899,1.882698,0.523225,0.361087,0.158636
20402,2832,0.248154,59.560272,0.031967,26.137865,5.659102,11.573191,0.711769,0.694993,59.102467,0.885416,56870,15774,0.267014,88.996429,0.002872,57.011654,49.812199,53.344051,1.113355,0.474014,970.980713,0.825603,0.163321,2.002829,0.475655,0.358748,0.179536
17982,1992,0.26535,60.307735,0.056947,25.837837,4.652405,12.41881,0.679623,0.705769,54.700348,0.889536,34211,13338,0.242905,71.781181,0.002417,29.220514,25.636742,27.364817,0.618427,0.706365,1033.411255,0.906368,0.157434,1.473373,0.242837,0.52562,0.149348
19928,2004,0.279632,63.754181,0.062356,29.153021,2.471335,11.91008,0.711646,0.676147,41.622601,0.885756,38798,9387,0.263668,75.73909,0.005533,33.393944,24.014399,29.600857,0.741507,0.675662,645.628479,0.876857,0.175062,1.484444,0.419957,0.513635,0.213487
22972,2505,0.258563,63.429497,0.046004,29.762236,2.860145,13.086892,0.748876,0.663382,45.758205,0.881156,41615,12012,0.253276,71.065247,0.003624,29.216137,22.296032,25.386822,0.683038,0.702144,746.359558,0.888026,0.182709,1.761603,0.47263,0.552013,0.208541
17373,2214,0.234141,60.054913,0.044538,24.208059,3.210528,9.245227,0.606323,0.73334,39.227207,0.902096,25982,6087,0.246252,51.170616,0.008812,13.691461,9.597735,11.811647,0.373813,0.848846,433.962494,0.938165,0.141015,1.576923,0.344571,0.668655,0.363726
20578,2769,0.27643,57.802235,0.033726,24.039566,4.812068,13.560914,0.666977,0.717294,59.620918,0.895013,38942,10866,0.273122,72.033424,0.004145,30.908421,21.373287,27.836016,0.687515,0.697897,351.521912,0.891139,0.150244,1.868421,0.216633,0.528427,0.254832
19569,6003,0.243514,59.662109,0.006824,25.748524,2.482471,9.712564,0.652285,0.69708,41.865841,0.887849,32501,8097,0.264397,56.670914,0.00623,19.272202,9.258915,14.205048,0.560325,0.775256,327.629364,0.908208,0.158921,4.275641,0.42725,0.602105,0.741386
26635,3339,0.250602,64.32341,0.030021,31.008213,4.273273,15.775183,0.814057,0.646381,78.657982,0.877006,49978,10452,0.263831,73.729584,0.005749,33.134201,25.088205,29.859163,0.730714,0.66981,617.197998,0.882138,0.192745,2.243952,0.624158,0.532934,0.31946
22744,3324,0.259253,63.701653,0.025868,28.454189,2.374985,10.651049,0.684109,0.6866,44.696548,0.890279,43607,10971,0.248231,71.089561,0.004553,29.913591,21.711424,26.572466,0.727048,0.694154,625.888489,0.879121,0.168404,2.261225,0.286772,0.521568,0.302981
22316,3258,0.220151,58.832981,0.026419,25.686954,1.508084,11.02091,0.652348,0.695517,43.415886,0.902665,38437,9117,0.253634,62.180447,0.005811,22.569685,14.597249,18.943426,0.574115,0.759144,469.432556,0.907711,0.162819,2.19838,0.602925,0.580586,0.357354
23783,3387,0.199805,59.992153,0.026052,26.115225,9.98214E-07,12.877589,0.62437,0.699159,26.731544,0.90559,36842,9078,0.236681,54.180256,0.005618,16.619555,10.141281,13.966265,0.459069,0.812569,408.897095,0.926156,0.160916,2.196498,0.506699,0.64554,0.3731
17425,2463,0.228927,57.134483,0.036096,23.373798,3.290792,9.375989,0.622843,0.725834,39.368774,0.900921,41477,13635,0.251476,81.404045,0.002804,40.443253,33.343441,35.901333,0.828387,0.613918,938.777771,0.867425,0.145133,1.777056,0.529421,0.420112,0.180638
21442,2808,0.216783,67.26107,0.034173,29.787273,3.992183,13.104887,0.711705,0.691831,55.246956,0.882271,43541,14397,0.249487,78.221962,0.00264,35.213291,28.213884,31.914808,0.758985,0.661106,979.355347,0.875731,0.165294,1.947295,0.666039,0.492455,0.195041
20300,2832,0.209365,63.571846,0.031807,27.387888,4.000303,12.207584,0.682867,0.70427,54.579258,0.886727,38185,11100,0.246697,69.19664,0.003895,27.532677,21.007446,24.164213,0.659582,0.717831,777.717651,0.89358,0.157785,1.972145,0.710705,0.531622,0.255135
27018,3120,0.213402,61.561764,0.034878,27.337717,2.252327,14.305094,0.689654,0.690246,48.678738,0.892901,54795,14814,0.2506,74.531013,0.003138,33.654316,25.492428,30.428862,0.737541,0.664689,659.298767,0.880421,0.166647,1.930693,0.547401,0.493074,0.210612
23492,3255,0.258882,60.679161,0.027863,26.881519,1.523973,10.351042,0.657411,0.689533,43.63747,0.902386,63035,15984,0.259779,88.79229,0.0031,54.867653,41.902035,47.876347,1.189779,0.494438,916.396667,0.805609,0.166468,2.164229,0.163597,0.372682,0.203641
22225,3321,0.256637,63.904507,0.025323,28.46143,2.266063,12.894525,0.69485,0.687619,43.369633,0.887382,38985,10029,0.249755,66.204842,0.004871,24.990211,17.080267,21.690699,0.613089,0.743075,545.684326,0.90011,0.167742,2.280907,0.280795,0.570091,0.33114
20616,2703,0.244939,60.384655,0.035459,25.803078,1.179401,9.100871,0.601044,0.706961,38.610394,0.913459,35944,10350,0.251619,62.627396,0.004217,22.370497,14.115218,18.564266,0.58234,0.758897,537.261719,0.90201,0.156241,1.85901,0.522121,0.573559,0.261159
19119,2130,0.287824,65.235344,0.052956,29.173033,2.298161,11.751329,0.682704,0.686784,39.930843,0.892924,36609,7971,0.254707,74.992287,0.007241,31.646084,21.27379,27.453045,0.712627,0.69606,567.102173,0.8825,0.168271,1.568483,0.214865,0.522249,0.267219
22024,3228,0.218661,66.390022,0.026561,28.513687,3.049618,13.739025,0.672538,0.705387,54.070736,0.890813,47902,14487,0.250201,81.866966,0.002868,38.571613,30.256149,34.55357,0.795356,0.641163,896.537109,0.872488,0.157011,2.143426,0.26861,0.459772,0.22282
19237,2775,0.238821,69.315056,0.031392,29.832296,2.603414,11.76313,0.662025,0.704761,49.983158,0.891581,34092,9075,0.258843,69.653465,0.005202,25.603136,17.710716,21.840635,0.59538,0.750417,660.973633,0.899934,0.157127,1.979315,0.535382,0.564267,0.305785
18722,2544,0.239372,63.48188,0.036352,27.466419,5.837092,11.134502,0.702617,0.702756,57.063564,0.889249,31576,11346,0.241163,65.061531,0.003082,23.297844,18.671347,20.900549,0.540347,0.759754,676.474426,0.915902,0.159084,1.851528,0.562207,0.592919,0.22422
17791,2343,0.2306,61.062698,0.040725,25.338675,2.565446,8.808924,0.614794,0.720997,40.1661,0.905206,41583,8460,0.279642,81.522491,0.007301,40.082741,30.587969,36.256569,0.829829,0.625357,592.829773,0.867253,0.14824,1.68319,0.360696,0.427843,0.27695
16868,2523,0.238148,62.354824,0.0333,26.202579,4.12277,11.193758,0.653994,0.714562,51.176113,0.891381,26848,7551,0.254539,58.598236,0.005917,18.136923,13.445161,16.122787,0.451035,0.809165,569.623535,0.927822,0.151669,1.891304,0.906893,0.628278,0.334128
15088,2922,0.206917,57.53347,0.022207,22.682316,3.421469,9.12482,0.58431,0.7409,40.021637,0.902825,25469,9165,0.240807,57.92746,0.00381,18.27725,13.470547,15.926442,0.480289,0.796739,685.32196,0.922136,0.135693,2.190405,0.494435,0.592406,0.318822
19738,2448,0.275898,66.128441,0.041389,31.957006,4.15693,13.289708,0.802243,0.648273,74.491707,0.871499,34003,8913,0.262679,70.426414,0.005379,27.833353,20.572737,25.176792,0.630255,0.719082,708.133789,0.894497,0.191605,1.897674,0.13701,0.580478,0.274655
21285,2694,0.234298,62.768551,0.036854,28.090712,5.846542,12.126951,0.733275,0.686401,62.53236,0.8816,55030,15768,0.266297,88.476768,0.002781,52.986778,45.089127,48.965752,1.031368,0.512158,1002.05957,0.832237,0.168821,1.886555,0.330058,0.386789,0.170852
17578,2652,0.213005,62.103466,0.031407,25.423586,4.333003,10.375512,0.639561,0.725971,65.013214,0.897877,23148,5574,0.233493,42.221718,0.009362,8.977696,6.834621,8.141308,0.259031,0.895152,408.679138,0.957347,0.145148,1.905172,0.47964,0.759374,0.47578
22020,2505,0.23434,60.734493,0.044097,27.024256,6.655848,13.738296,0.736564,0.68722,80.984818,0.881116,44515,13179,0.262639,79.010941,0.003221,36.8153,30.952703,34.317169,0.703562,0.648789,789.249695,0.887495,0.168117,1.729972,0.506446,0.494665,0.190075
18342,2430,0.254803,69.408508,0.039034,30.856934,5.004831,11.85896,0.723426,0.690557,69.941376,0.881366,27252,8394,0.26501,57.794304,0.00486,16.764132,13.723619,15.04385,0.418739,0.822199,850.584473,0.929565,0.165937,1.827068,0.671236,0.673052,0.289492
22079,3501,0.249218,69.6045,0.022636,33.561386,5.954847,15.945052,0.835863,0.647875,93.31646,0.863548,36186,12975,0.259991,68.644829,0.002701,25.452089,21.7701,22.60804,0.584711,0.740587,1099.783325,0.906521,0.191568,2.578056,0.696462,0.610153,0.269827
20457,8124,0.215976,52.016483,0.003895,17.985588,6.832707,10.501506,0.439271,0.787533,93.582924,0.93261,34976,9474,0.256319,44.382366,0.004897,12.714853,6.151776,8.636242,0.343571,0.833049,227.330475,0.943189,0.107124,4.647597,0.212106,0.584887,0.857505
27603,4011,0.268627,61.421108,0.021561,26.441586,7.475313,16.069359,0.655324,0.705167,61.964813,0.895914,41268,8529,0.268106,45.709892,0.007129,13.245953,6.841335,10.494579,0.352384,0.835049,211.864716,0.941503,0.157015,2.390346,0.334981,0.668872,0.470278
22550,4455,0.246521,58.165653,0.014278,21.530527,7.871234,13.075941,0.489957,0.767919,59.621353,0.924822,53050,8538,0.29783,66.881668,0.009145,29.52129,16.911524,22.400835,0.662413,0.686575,242.113312,0.894861,0.12075,2.575145,0.129739,0.425071,0.521785
28001,5187,0.270722,65.740982,0.013078,27.355108,11.48243,17.982935,0.619562,0.719476,106.979065,0.905001,47036,6870,0.279961,56.187679,0.012524,18.752518,11.661063,14.899038,0.435332,0.79444,288.941589,0.929193,0.14798,2.981035,0.341664,0.59531,0.755022
25806,5970,0.267517,77.859116,0.009099,48.210442,18.087769,27.977875,1.043271,0.509554,168.951477,0.825033,56995,4425,0.298608,85.884277,0.036578,60.953362,35.718307,45.448036,1.276425,0.422659,404.272919,0.783298,0.277839,4.893443,0.375723,0.452777,1349153
33785,7122,0.284263,73.94474,0.00837,36.989361,18.381102,26.588846,0.797775,0.630313,175.194214,0.873719,32444,7275,0.280158,0,0.007703,0,0,0,0,1000000,0,1000000,0.2005,4.337393,0.629061,1.041333,0.978969
27442,7422,0.279316,58.218559,0.00626,24.05262,6.856206,13.367221,0.599068,0.719655,76.960007,0.904047,47484,11091,0.268745,50.966843,0.004851,17.605841,7.730717,11.266347,0.464889,0.775796,214.331421,0.922155,0.14624,4.280277,0.43957,0.577921,0.669191
29662,8094,0.263059,60.462872,0.00569,24.737453,10.26729,15.334044,0.59977,0.721536,137.095917,0.905473,45792,8874,0.275384,47.957134,0.007307,14.086281,7.881176,10.547093,0.35983,0.827564,296.804016,0.938836,0.144919,4.466887,0.165804,0.647755,0.912103
30134,4491,0.263315,59.017136,0.018775,23.856382,8.315932,15.246933,0.571288,0.732978,61.995205,0.911345,66155,9573,0.28551,68.780365,0.009071,30.906939,17.744394,23.238106,0.692419,0.677945,255.348404,0.8882,0.140879,2.427567,0.168997,0.455506,0.469132
23729,3780,0.287865,62.35022,0.020869,24.478767,1.449615,12.552121,0.554694,0.744393,42.398636,0.919333,41577,9720,0.249052,54.913345,0.00553,18.342138,8.177217,13.795068,0.474562,0.791644,236.304672,0.920375,0.134214,2.247325,0.213383,0.570724,0.388889
23537,1605,0.321267,61.447334,0.114818,32.187931,4.130785,13.28104,0.873105,0.605203,59.112499,0.850824,35220,7719,0.288821,60.301132,0.007428,21.294373,16.731033,18.800764,0.529461,0.768647,490.772095,0.918098,0.219594,1.225191,0.66856,0.668285,0.207928
26694,1746,0.326532,71.816055,0.110036,37.62912,1.528203,18.284632,0.820718,0.60799,40.745838,0.881422,46819,14937,0.259031,73.478874,0.002637,32.413883,28.084095,28.836323,0.735009,0.670736,1057.961548,0.882353,0.217775,1.24359,0.540402,0.570153,0.116891
24836,1650,0.324006,75.02359,0.114637,39.71526,5.138975,24.516811,0.921146,0.603669,83.143433,0.859891,44854,13077,0.266974,79.739143,0.003296,36.957375,34.002213,33.511887,0.717297,0.649696,1165.748657,0.891894,0.220788,1.229508,0.561059,0.553708,0.126176
27294,1746,0.326082,77.868324,0.112509,43.825596,20.361671,31.269693,0.95254,0.572503,70.917999,0.851604,30871,2970,0.325222,33.650906,0.043979,6.062765,4.928912,5.422218,0.166397,0.928916,259.111908,0.974229,0.241179,1.295252,0.623118,0.884131,0.587879
34783,2214,0.316828,75.853676,0.089171,45.555763,14.659328,27.325478,1.020531,0.533867,90.765625,0.82525,54238,12024,0.283309,68.703888,0.004714,28.637732,24.862936,25.564091,0.641861,0.702273,781.787842,0.897442,0.266655,1.53112,0.70789,0.641303,0.184132
28573,1686,0.326556,80.981277,0.126314,44.880348,20.709118,31.373684,0.919341,0.581208,72.909332,0.854414,39448,8232,0.295438,57.063221,0.007315,17.865551,15.479614,16.030512,0.407743,0.810748,640.676758,0.937854,0.235436,1.209469,0.768856,0.724321,0.204811
31833,2319,0.320419,79.230812,0.074385,44.849339,16.618597,28.887411,0.949312,0.567871,101.91993,0.842609,43416,6747,0.304905,56.441963,0.011985,17.567646,14.680526,15.285468,0.412577,0.814508,493.505219,0.935653,0.243647,1.603734,0.631367,0.733209,0.343708
32982,1869,0.326154,83.930092,0.11865,49.135563,21.102106,37.309574,0.976733,0.550534,87.619469,0.838286,45915,11841,0.287164,60.028042,0.004115,20.009089,17.740669,18.429461,0.45663,0.78598,885.896179,0.927416,0.255534,1.297917,0.545918,0.718327,0.157841
31833,2319,0.320419,79.230812,0.074385,44.849339,16.618597,28.887411,0.949312,0.567871,101.91993,0.842609,38070,5085,0.304477,42.91135,0.018502,9.730567,7.848177,8.611716,0.248647,0.892242,323.760345,0.961672,0.243647,1.603734,0.631367,0.83617,0.456047
25318,1749,0.317018,76.148651,0.104006,39.513908,18.574448,25.692595,0.828418,0.616188,75.5961,0.867961,39206,10512,0.283984,62.856003,0.004459,22.789257,20.040852,20.49077,0.505742,0.757267,796.395325,0.920386,0.212642,1.265557,0.473908,0.645769,0.166381
31120,1857,0.327513,78.048416,0.113403,45.538193,16.933443,27.681599,0.989124,0.551717,72.745262,0.837501,43287,7350,0.300535,58.130756,0.010069,19.269909,16.53377,16.579273,0.451021,0.794384,525.54425,0.931926,0.254957,1.328326,0.66359,0.718923,0.252653
26622,1671,0.327514,75.993484,0.119811,41.712662,19.926645,25.821539,0.882001,0.585828,64.809334,0.859922,46334,11250,0.270978,73.628563,0.0046,33.532581,29.483976,29.473391,0.705012,0.663749,835.35321,0.891273,0.232344,1.234121,0.841253,0.574567,0.148533
26659,1674,0.328139,70.590218,0.119548,35.124619,17.442762,21.75918,0.778802,0.637894,61.355106,0.880203,77543,19605,0.246607,95.242638,0.002535,74.431427,66.582565,67.067345,1.391709,0.362041,1279.155273,0.778116,0.199305,1.143443,0.729589,0.343796,0.085386
30431,1767,0.327712,78.79615,0.122477,44.632641,19.62396,27.932674,0.929827,0.568862,66.999283,0.851373,45877,10410,0.283359,65.291969,0.00532,24.492062,20.910307,21.3661,0.531531,0.746657,747.958069,0.917653,0.243526,1.249646,0.84364,0.663317,0.169741
23554,1935,0.319277,74.814789,0.079052,39.533272,21.99835,24.480036,0.888208,0.604809,99.379723,0.865769,27923,4320,0.319807,38.844696,0.018802,7.817883,7.091129,6.761609,0.216609,0.906861,422.56189,0.967576,0.21963,1.477099,0.73973,0.843534,0.447917
27318,1677,0.327001,79.094521,0.122065,44.339268,18.01692,25.408075,0.952145,0.574295,78.47168,0.847631,36469,6771,0.303741,53.424438,0.009996,15.755422,14.115695,13.901604,0.376457,0.830085,558.589172,0.942436,0.239871,1.242222,0.794077,0.749075,0.247674
27784,1671,0.327406,75.015396,0.125041,41.613892,14.020984,23.195658,0.906141,0.579608,70.916328,0.847944,34045,3768,0.300491,45.0373,0.030133,10.672036,8.562526,8.548533,0.259169,0.885357,302.039886,0.960954,0.236323,1.21793,0.775601,0.816096,0.443471
25473,1677,0.32257,66.961411,0.113821,35.317657,12.717745,17.916903,0.824695,0.606037,58.2621,0.86193,30533,2442,0.323049,39.594105,0.064341,8.399742,6.631954,6.424294,0.236367,0.906071,226.009506,0.963943,0.219217,1.229472,0.656631,0.834278,0.686732
24639,1629,0.325293,69.591736,0.116678,36.681755,18.968466,22.071331,0.837798,0.606829,81.893227,0.868168,27178,1845,0.324754,29.137514,0.100331,4.415785,3.610515,3.509326,0.130837,0.947707,217.551437,0.978592,0.218625,1.212054,0.686802,0.906579,0.882927
22278,1773,0.324138,59.338959,0.089057,28.841602,14.704164,16.363956,0.750086,0.639615,73.954956,0.881825,31419,5349,0.298802,51.793674,0.013799,14.969531,13.513538,13.194256,0.403734,0.829693,455.566803,0.94028,0.197781,1.319196,0.687107,0.709061,0.331464
26346,1794,0.322891,72.847443,0.102868,37.795887,18.168684,21.921692,0.826416,0.615914,69.564369,0.873343,54901,12201,0.263439,81.810745,0.004634,44.650944,39.71664,39.480175,0.931858,0.572553,802.195618,0.863031,0.212821,1.27234,0.459676,0.479882,0.147037
27846,1743,0.326716,78.442314,0.11518,43.984486,22.000154,27.594297,0.930968,0.573955,79.890312,0.855157,35991,7161,0.307371,49.3246,0.00882,13.537856,11.929749,11.448344,0.340353,0.846024,583.923462,0.947364,0.239876,1.277859,0.734482,0.773693,0.243402
26622,1779,0.325867,73.915184,0.105706,40.571327,21.039625,23.967249,0.912347,0.585031,77.235367,0.860799,36989,7956,0.275462,55.312977,0.007343,17.433504,15.48929,14.66363,0.425268,0.807866,644.634216,0.93469,0.232563,1.313885,0.764201,0.719728,0.223605
28544,1899,0.322761,74.857567,0.099466,39.92345,20.822462,24.292782,0.888103,0.601012,78.786896,0.865474,64641,17376,0.224762,85.81926,0.00269,53.53611,48.990967,48.104469,1.079207,0.492682,1098.895142,0.833978,0.222236,1.322423,0.696123,0.441577,0.109289
26720,1788,0.323432,68.384491,0.10503,35.651581,13.819776,18.541431,0.818068,0.612823,50.442009,0.869187,42099,7203,0.293289,64.157997,0.010197,23.99728,19.28414,19.490326,0.576478,0.752198,504.673737,0.913712,0.21504,1.268085,0.769198,0.634694,0.24823
27089,1926,0.32369,70.503036,0.091768,37.749916,21.431988,21.518467,0.891077,0.597764,90.466187,0.868159,41562,11262,0.287893,62.780628,0.004118,23.348455,21.694401,20.556627,0.515055,0.751281,764.13501,0.920711,0.224328,1.385612,0.661069,0.651773,0.171018
22656,1539,0.327054,68.803596,0.120203,36.273441,20.9277,21.088343,0.854394,0.6059,101.138748,0.86724,31415,8946,0.288627,55.091354,0.004933,16.647358,16.091429,14.689367,0.400891,0.815905,855.723083,0.939147,0.219195,1.196734,0.807208,0.721184,0.172032
24207,1881,0.316407,71.55883,0.085975,37.671478,3.357853,18.312038,0.865961,0.605233,77.100677,0.857086,28632,3942,0.299147,39.635708,0.023154,7.974982,6.243025,6.755535,0.224377,0.908843,348.471191,0.96335,0.219266,1.414286,0.791114,0.845453,0.477169
27719,1665,0.328884,77.127449,0.125649,43.498535,2.626595,24.14946,0.907218,0.570174,65.191383,0.862567,47593,11091,0.277058,77.747833,0.004862,35.487797,31.782072,30.506092,0.73151,0.660934,876.758118,0.888994,0.242416,1.227876,0.590402,0.582418,0.150122
22393,1500,0.328391,71.64489,0.125066,37.977787,3.226718,17.546427,0.847954,0.603583,64.988548,0.864772,24912,2436,0.317116,30.748318,0.052755,4.804752,3.977561,4.007552,0.147731,0.942325,235.919449,0.976988,0.220773,1.177394,0.745397,0.898884,0.615764
26650,2139,0.31881,76.023064,0.073196,41.319157,2.874725,20.997513,0.849145,0.589822,70.951195,0.879311,29840,3354,0.308721,32.8909,0.033334,5.497754,3.96833,4.497754,0.162165,0.935006,258.879364,0.973289,0.229346,1.568182,0.580917,0.893097,0.637746
22483,1632,0.324107,64.452156,0.106078,33.933537,3.950992,14.764162,0.858542,0.602763,81.464203,0.863842,27450,3174,0.310464,44.230808,0.03424,9.443474,8.200566,7.929693,0.26685,0.894412,327.048279,0.960635,0.221078,1.278997,0.632584,0.819053,0.514178
24860,1965,0.315238,68.335838,0.080907,35.287174,1.634283,16.132362,0.77669,0.61676,31.860321,0.877184,32084,5511,0.299663,50.83073,0.013275,11.922781,9.945634,10.52515,0.347187,0.866666,426.147644,0.945956,0.212304,1.434307,0.538034,0.774841,0.35656
28878,1728,0.327649,74.474022,0.121532,41.786182,3.043957,20.335106,0.885851,0.572999,58.960754,0.871684,38622,8529,0.28944,57.347935,0.006672,16.357647,15.245665,14.059237,0.41757,0.825475,723.539307,0.935915,0.241007,1.246753,0.72478,0.747709,0.202603
41505,2340,0.310278,76.113159,0.095253,44.484703,13.691247,26.241266,0.958371,0.550956,46.451881,0.838838,76414,8607,0.274218,81.182762,0.012962,42.394943,32.182022,36.849197,0.848428,0.604053,406.047058,0.868115,0.255565,1.451613,0.807223,0.54316,0.271872
43116,2670,0.31706,85.480507,0.076002,52.153469,22.019972,37.461918,1.04235,0.526385,85.936951,0.828924,61802,8544,0.298556,64.526382,0.010639,23.524546,19.278839,19.932413,0.513356,0.762178,519.389709,0.922711,0.271811,1.672932,0.625506,0.697647,0.3125
45729,2697,0.312344,82.559006,0.079002,52.134125,16.983768,36.82761,1.100836,0.506598,80.931892,0.812389,62071,9471,0.291824,59.58054,0.008696,20.044266,16.866549,17.098755,0.469569,0.789498,545.87738,0.928482,0.285822,1.685625,0.921046,0.736721,0.284764
37476,2775,0.275251,79.828949,0.061156,44.690773,16.917053,29.837017,0.926121,0.575344,79.24511,0.847953,58103,8151,0.297538,68.445854,0.01099,26.61702,21.866043,23.44985,0.552515,0.739464,511.39328,0.915785,0.239078,1.751894,0.531888,0.644993,0.340449
43528,3153,0.313519,70.0308,0.055021,37.927029,14.432309,23.545349,0.868752,0.592932,56.715626,0.864674,55644,4896,0.297239,46.400166,0.029171,12.05526,7.708713,9.799708,0.301994,0.867553,201.276703,0.954418,0.227543,1.801714,0.798936,0.782259,0.643995
19451,2883,0.241423,58.343246,0.029408,25.443371,2.204616,8.740892,0.654745,0.696294,36.499832,0.894771,30912,7050,0.250724,57.679401,0.007816,18.39337,12.145408,15.688272,0.490733,0.799882,424.473022,0.919517,0.162641,2.083092,0.53086,0.629238,0.408936
19226,2589,0.280504,56.233521,0.036044,25.051117,1.996363,8.663346,0.675687,0.684671,39.861717,0.892744,32180,8742,0.260204,64.610535,0.005291,23.741861,15.919828,21.257954,0.583572,0.751845,403.391357,0.905521,0.169326,1.920623,0.653898,0.597452,0.296156
18279,2172,0.249345,55.499981,0.04869,24.202265,3.423995,10.492221,0.691371,0.692358,56.754902,0.887923,27628,8811,0.244649,56.501366,0.004472,17.449728,12.834431,15.632003,0.418447,0.812668,506.806366,0.931268,0.165334,1.623318,0.259884,0.661611,0.24651
17744,2106,0.270076,67.036888,0.050274,28.717104,3.062639,12.862452,0.660746,0.706524,79.681473,0.903384,50693,14169,0.233584,92.24218,0.003173,58.478165,52.65958,55.84922,1.141202,0.479053,1204.694824,0.819837,0.156744,1.56,0.310752,0.350029,0.148634
22344,2625,0.259612,59.099327,0.040749,25.854073,12.766257,15.726402,0.643124,0.696455,69.902657,0.903504,34086,6051,0.275623,50.639709,0.011699,15.519607,11.759872,13.740208,0.396016,0.820167,335.174316,0.93862,0.16286,1.771255,0.564835,0.655518,0.433813
23228,2712,0.261683,63.61515,0.039686,28.429783,14.320929,17.651083,0.686778,0.68629,89.01757,0.893931,36509,6543,0.283854,56.336502,0.010717,18.472986,14.41291,16.587294,0.433594,0.799246,402.259888,0.93279,0.168857,1.827493,0.575976,0.636227,0.414489
18030,1830,0.287189,64.260208,0.067656,29.436108,15.372447,17.386433,0.690449,0.677088,74.418968,0.893549,34714,9207,0.259907,70.19799,0.005146,30.696659,26.298698,27.786724,0.673002,0.680912,759.551147,0.893732,0.174385,1.414219,0.294176,0.519387,0.198762
23391,3486,0.235019,67.516541,0.024188,31.841169,17.758503,20.371502,0.753132,0.662372,138.531586,0.880935,46100,11151,0.285769,73.409111,0.004659,33.947926,29.796871,31.70582,0.713717,0.653616,851.599182,0.885214,0.182486,2.430962,0.69276,0.507397,0.312618
22649,2532,0.240213,61.062168,0.044395,26.838697,12.642817,14.820615,0.671439,0.696262,72.191887,0.896637,39486,11166,0.243443,63.0583,0.00398,23.251669,20.005547,21.079556,0.53871,0.751596,677.041077,0.91666,0.163358,1.699329,0.27628,0.573596,0.22676
23742,2592,0.262348,62.041199,0.044408,27.994896,12.228903,16.054871,0.691272,0.683157,87.225868,0.890023,35049,6852,0.268402,51.956028,0.009381,15.27542,11.819297,14.083333,0.382154,0.827883,439.830841,0.938667,0.170647,1.737265,0.523042,0.677395,0.378284
23847,2769,0.272908,68.517494,0.039084,32.623554,16.466028,20.807936,0.74037,0.658116,97.299217,0.885094,40091,10614,0.260226,63.704163,0.004472,24.124454,19.023771,21.711174,0.554301,0.739915,692.845459,0.910416,0.185551,1.928273,0.552283,0.594822,0.260882
20786,2286,0.262033,62.511986,0.049984,28.107405,12.838545,15.231555,0.695835,0.685151,88.021164,0.891068,32612,7455,0.266079,57.488438,0.007374,18.721752,15.354139,16.538366,0.45366,0.797837,571.188477,0.927893,0.169529,1.630528,0.466018,0.637373,0.30664
19870,2697,0.267739,61.844215,0.034328,26.34235,14.206387,16.160805,0.617425,0.710524,86.510933,0.905202,35538,5085,0.290607,63.7509,0.017271,23.694967,18.294571,20.76799,0.518182,0.758677,360.481964,0.92046,0.154192,1.878134,0.633064,0.55912,0.530383
21548,3291,0.271731,65.029549,0.025001,29.752197,15.979188,18.346781,0.714491,0.672569,114.422417,0.890026,44453,9702,0.273823,75.502037,0.005935,36.566349,29.276266,32.371296,0.773805,0.635166,642.643799,0.875625,0.176145,2.350714,0.728372,0.484737,0.339208
24417,2013,0.304023,74.13903,0.075721,38.505733,19.541407,22.903223,0.846647,0.614595,87.291756,0.869342,52856,14316,0.279661,84.767929,0.003241,48.55014,43.4352,44.979801,0.930755,0.538971,1099.080566,0.852603,0.213228,1.480147,0.379783,0.461953,0.140612
26624,3159,0.233636,66.699112,0.033526,31.7792,13.50035,17.309704,0.790297,0.657178,97.395767,0.878672,39048,7353,0.261266,54.072632,0.009076,16.471399,12.72204,15.093461,0.399651,0.817261,448.64682,0.93678,0.186403,2.081028,0.430225,0.681827,0.429621
20088,2082,0.262547,64.470047,0.058235,28.011206,15.430564,17.476492,0.66168,0.702562,78.628349,0.901852,39154,12285,0.259899,69.325081,0.00326,29.151968,25.422064,26.34527,0.634998,0.696444,853.83429,0.901358,0.159429,1.466197,0.186337,0.513051,0.169475
25488,2733,0.272316,72.400024,0.042881,37.165157,15.575979,20.787468,0.841547,0.620072,109.87851,0.86214,50880,13122,0.282865,80.64222,0.003713,41.599007,38.188316,40.011768,0.816665,0.598414,939.996826,0.875631,0.209597,1.957736,0.58831,0.500943,0.208276
21708,2799,0.254475,68.668228,0.03482,31.026354,14.893756,17.608866,0.695528,0.683394,103.419815,0.891251,40356,10227,0.283475,69.913185,0.004849,28.739798,25.535881,26.5175,0.628511,0.708382,755.597717,0.902927,0.17036,1.960084,0.981755,0.537913,0.273687
19074,2979,0.232596,66.65844,0.027009,29.765417,17.026619,18.00395,0.685498,0.687278,138.344116,0.892704,35761,9777,0.283473,70.615166,0.004701,29.408691,26.223608,26.979298,0.63205,0.703253,802.085571,0.903122,0.167463,2.206667,0.920157,0.533374,0.304695
24532,3216,0.256705,69.642075,0.029806,34.139935,20.68956,23.620272,0.787159,0.642992,142.588013,0.877301,32674,6111,0.281488,47.851852,0.010995,12.55149,10.414572,11.103901,0.315253,0.857658,528.900757,0.94997,0.194661,2.264789,0.638833,0.750811,0.526264
22670,2433,0.273139,65.845757,0.048126,30.681601,14.596678,18.276373,0.714338,0.669673,74.543213,0.889711,39427,7668,0.266255,66.872284,0.008426,26.099848,21.081467,23.46138,0.559994,0.736449,520.755798,0.911975,0.179221,1.706171,0.396658,0.574987,0.317293
19396,2514,0.290969,76.475761,0.038565,44.997139,28.68886,29.334265,0.987192,0.543116,187.713104,0.840114,31555,5841,0.263942,72.553596,0.011623,31.854435,27.433235,28.380316,0.665782,0.679432,810.386841,0.891745,0.258221,2.264865,0.219042,0.614673,0.430406
22111,2964,0.271928,82.000938,0.031627,57.992115,31.864841,34.688408,1.25412,0.433716,233.394501,0.790265,33973,6981,0.276655,79.46685,0.00876,40.012615,35.066307,36.908993,0.825356,0.611027,917.738281,0.867492,0.335259,2.866538,0.242595,0.65084,0.424581
20708,2667,0.261951,66.134705,0.036585,29.291986,16.28014,17.645046,0.668611,0.692938,90.764999,0.89868,36238,9837,0.264625,63.360882,0.004706,23.824375,19.8692,21.323788,0.551788,0.744789,671.792358,0.914004,0.164637,1.875527,0.344138,0.571444,0.271119
20529,2235,0.250797,65.779625,0.051644,28.769516,14.871096,16.93178,0.650442,0.699335,87.990669,0.898121,39510,13647,0.258738,72.074326,0.002666,30.42045,26.893581,27.831215,0.629284,0.693674,1007.258728,0.900988,0.16129,1.565126,0.220347,0.51959,0.163772
21242,2073,0.271999,65.89257,0.062116,30.425076,13.927728,16.159798,0.718712,0.673789,75.173317,0.889945,38461,11577,0.249403,68.783409,0.003606,28.017132,23.566175,24.668745,0.617845,0.710154,823.020386,0.901519,0.176663,1.493516,0.364549,0.5523,0.179062
19877,2493,0.269676,63.908531,0.04019,29.003315,14.572254,17.600645,0.697947,0.680508,106.722984,0.889367,36740,8979,0.266423,70.101158,0.005727,28.942266,24.551832,26.392649,0.615695,0.708554,747.609619,0.901509,0.172,1.833088,0.316042,0.541018,0.277648
21403,2724,0.25865,65.189735,0.036247,29.562611,16.052252,17.701759,0.67191,0.682381,84.57666,0.89384,42596,13173,0.254982,74.416702,0.003085,33.5909,29.279987,30.241787,0.706121,0.664552,948.439209,0.889793,0.171339,1.923729,0.480117,0.502465,0.206787
24517,2718,0.279472,67.863243,0.041704,33.214996,19.644604,22.322918,0.793502,0.641093,113.552223,0.878339,34384,6627,0.280881,52.472668,0.009839,15.503642,12.306651,13.647614,0.366904,0.829323,452.89267,0.942315,0.196271,1.916784,0.340889,0.713035,0.41014
26106,2880,0.253695,69.108582,0.039552,32.38221,18.949446,21.060707,0.736901,0.666737,104.260201,0.887545,41616,12663,0.259561,62.389576,0.003261,21.744551,18.543861,19.521723,0.481679,0.772244,780.463196,0.92468,0.180892,1.892247,0.384866,0.627307,0.227434
22152,3129,0.263893,53.795338,0.028432,21.476984,10.057255,11.854863,0.571497,0.736076,56.449112,0.91568,36935,7089,0.268187,54.531353,0.009236,17.413157,12.670781,14.530691,0.433059,0.808556,323.081512,0.934912,0.139574,1.962986,0.233307,0.599756,0.441388
23024,3054,0.257315,54.757717,0.031021,22.66342,9.830505,12.284011,0.608163,0.717849,66.375023,0.906177,33394,5340,0.26769,46.106178,0.014716,12.189766,8.077136,10.535874,0.33511,0.85647,254.447525,0.948346,0.149834,1.947704,0.338456,0.689465,0.57191
19060,2751,0.261325,59.716225,0.031648,25.341883,15.353235,15.544091,0.623305,0.711955,86.058975,0.907785,33132,7377,0.262909,60.967651,0.007651,21.750622,18.080484,18.713249,0.50046,0.769636,498.799072,0.924496,0.153451,1.9483,0.391013,0.575275,0.372916
20218,4128,0.240424,58.782585,0.01491,23.507751,13.304734,14.417211,0.58193,0.735719,109.960373,0.915019,28042,5142,0.270804,42.203003,0.013328,10.020743,7.155471,7.961562,0.274465,0.880849,319.706573,0.957245,0.138552,2.701571,0.692222,0.72099,0.8028
25347,2772,0.256357,63.573654,0.041452,30.220589,14.606168,16.575161,0.732456,0.659086,80.15493,0.884726,39092,7539,0.262456,57.466377,0.008643,19.159475,14.836583,16.29003,0.461045,0.792734,449.010895,0.927751,0.185314,1.872973,0.523387,0.648394,0.367688
24345,3222,0.262723,70.214943,0.029469,35.610767,24.129778,23.490393,0.841788,0.624478,179.779633,0.869676,35097,10818,0.261641,55.882133,0.003769,17.795311,16.140532,15.803292,0.42838,0.796986,916.700562,0.930996,0.205813,2.34157,0.70828,0.693649,0.297837
24768,4632,0.246639,65.682571,0.014507,29.352524,17.82493,19.374166,0.674564,0.686988,138.447937,0.89646,43166,10587,0.275128,60.786491,0.00484,22.796934,18.985058,19.077751,0.564386,0.74488,654.17926,0.91103,0.166934,3.003891,0.653137,0.573785,0.437518
24402,2778,0.285053,67.378876,0.039735,33.662071,20.209459,21.243063,0.813923,0.633589,110.358124,0.877149,37147,7443,0.289205,59.490795,0.008426,20.308771,17.527626,17.779467,0.479833,0.783127,604.535583,0.927852,0.200929,1.992826,0.707851,0.656904,0.373237
24576,2631,0.279381,62.154549,0.044615,28.47875,14.424479,16.966488,0.690079,0.677624,71.170723,0.894077,44883,8604,0.275657,66.542328,0.007619,27.272636,20.705221,23.452175,0.600159,0.716901,438.628113,0.905019,0.174305,1.751664,0.653271,0.547557,0.305788
22927,2784,0.270353,64.277763,0.037172,31.019583,16.250647,17.899445,0.7476,0.650705,93.883842,0.883692,37431,11142,0.263245,64.078278,0.003789,24.854576,20.366913,22.041685,0.580546,0.73302,611.589478,0.907979,0.190076,2,0.507744,0.612514,0.249865
21553,2514,0.289376,63.699863,0.042854,29.102661,16.466459,17.686861,0.700263,0.678417,83.188797,0.894176,36324,9846,0.259561,62.934963,0.004709,23.094147,19.42417,20.132263,0.526373,0.754846,697.981873,0.917221,0.17361,1.782979,0.241867,0.593354,0.255332
20724,2850,0.226129,58.982166,0.032062,25.149088,11.986133,13.540467,0.656981,0.708993,69.472679,0.903655,31869,6624,0.266434,51.755501,0.009127,15.544209,12.14128,12.682362,0.412794,0.825168,386.089905,0.937585,0.155433,1.946721,0.477205,0.650287,0.430254
20839,3567,0.258507,62.629658,0.020582,27.62409,17.237965,17.620987,0.66745,0.693527,114.430489,0.899426,31633,6696,0.269683,52.516308,0.008866,15.950847,13.081656,13.655799,0.408065,0.819715,509.404205,0.937121,0.163759,2.494406,0.145257,0.658774,0.532706
20630,2772,0.276593,58.753963,0.033738,26.131956,13.130508,14.135706,0.674663,0.690304,65.319313,0.900431,29717,4599,0.275005,47.511246,0.017656,13.311035,10.148339,10.730221,0.361239,0.847317,252.142502,0.948181,0.166753,1.957627,0.261589,0.694215,0.60274
20357,1974,0.260827,60.701141,0.065649,26.999413,2.166229,10.301227,0.676089,0.687401,44.261292,0.890621,30890,7950,0.249175,57.333897,0.006142,17.45616,12.591769,15.760152,0.423183,0.814684,528.308533,0.930196,0.168598,1.418103,0.348525,0.659016,0.248302
17761,1695,0.275852,60.08152,0.077685,26.518023,2.286946,10.178992,0.662633,0.692221,36.384979,0.890941,31110,9351,0.253856,68.101273,0.004471,25.424614,21.541357,23.734585,0.543533,0.745152,772.712036,0.915827,0.165905,1.291921,0.57368,0.57091,0.181264
16867,2556,0.240548,55.564358,0.032443,21.888485,1.983493,8.301184,0.572073,0.740451,58.398914,0.913134,24843,6579,0.237122,48.160259,0.007213,12.555648,9.587893,11.447486,0.334999,0.85745,459.538391,0.946376,0.136616,1.815341,0.211053,0.678944,0.388509
17166,2235,0.248804,60.277615,0.043184,25.823486,3.06689,9.986777,0.661553,0.705542,68.045059,0.892059,31142,8922,0.231856,68.719482,0.004916,25.95549,19.941635,24.400623,0.572012,0.738481,727.350952,0.90472,0.157183,1.69062,0.763352,0.551217,0.250504
20794,2634,0.251692,65.660637,0.037663,29.95627,2.348863,11.229085,0.686861,0.6734,78.478516,0.900439,41010,10332,0.275605,76.737076,0.004828,34.818039,29.310783,32.065475,0.744551,0.662089,768.598633,0.882746,0.17643,1.917031,0.536114,0.507047,0.254936
19073,2022,0.248414,61.439041,0.058623,26.17654,2.173995,9.897049,0.633241,0.709097,53.107502,0.899597,25938,6462,0.255723,46.98777,0.007806,11.16603,9.013481,10.360319,0.293273,0.875469,493.460114,0.952658,0.155642,1.442225,0.256872,0.73533,0.312906
18628,1839,0.28108,55.586494,0.069217,24.422791,2.294778,7.806839,0.652758,0.692058,38.290306,0.899314,31534,7776,0.26051,64.23616,0.006554,22.891457,15.164804,20.072842,0.526858,0.765985,453.875946,0.913391,0.16606,1.36627,0.192886,0.590727,0.236497
19384,2079,0.284578,55.270485,0.056357,25.545298,3.550168,10.551481,0.750199,0.664608,52.420532,0.875442,28474,4914,0.291217,52.673943,0.014818,15.533824,10.325787,13.322841,0.426471,0.821313,341.30603,0.930989,0.181869,1.591884,0.747857,0.680761,0.423077
19687,3294,0.27702,56.450554,0.0228,23.32201,5.45556E-07,6.551451,0.534095,0.720765,13.342004,0.920672,38361,8955,0.239713,66.322723,0.006011,26.39333,13.711818,20.606085,0.682392,0.720645,344.578339,0.888482,0.147827,2.256164,0.24048,0.513204,0.367839
18309,2403,0.253869,60.587875,0.039844,26.065002,1.885035,9.157487,0.624074,0.704002,31.575552,0.897532,31702,7806,0.25018,64.283676,0.006538,23.0121,15.332483,20.2901,0.559558,0.764167,463.654816,0.908999,0.158239,1.76173,0.236461,0.577535,0.30784
17340,2067,0.261894,64.334373,0.051001,29.328335,16.101147,18.014805,0.684468,0.679657,83.93634,0.893999,30741,5892,0.273772,67.82019,0.011128,26.691931,22.24984,24.375834,0.546461,0.734506,498.580627,0.916424,0.173102,1.632701,0.82095,0.564068,0.350815